Thursday, April 21, 2022
70096537710200,0,300,session,LOOK_AT,6.81771,57.87137,4.705204,POSITION,-1.409273,2.033354,0.2574633
70096853530200,0,300,session,LOOK_AT,6.855304,57.91401,4.717022,POSITION,-1.40967,2.033056,0.2584745
70096884511700,0,300,session,LOOK_AT,6.867891,57.94639,4.199167,POSITION,-1.40172,2.026897,0.2554592
70096915495800,0,300,session,LOOK_AT,6.950751,58.15351,4.565177,POSITION,-1.412185,2.034378,0.260019
70096957470300,0,300,session,LOOK_AT,6.965307,58.15154,4.595413,POSITION,-1.414275,2.033965,0.2616747
70096988452400,0,300,session,LOOK_AT,7.04,58.21004,4.618602,POSITION,-1.415178,2.03249,0.2629638
70097030428100,0,300,session,LOOK_AT,7.089707,58.23346,4.61933,POSITION,-1.415852,2.031757,0.2639032
70097051415900,0,300,session,LOOK_AT,7.151514,58.25303,4.604418,POSITION,-1.415561,2.031236,0.2642053
70097067407600,0,300,session,LOOK_AT,7.141827,58.2831,4.603693,POSITION,-1.416632,2.031277,0.2650114
70097079400200,0,300,session,LOOK_AT,7.161843,58.28353,4.595463,POSITION,-1.416381,2.031555,0.26482
70097087395300,0,300,session,LOOK_AT,7.173727,58.33873,4.625171,POSITION,-1.417152,2.03096,0.2652449
70097111382700,0,300,session,LOOK_AT,7.181341,58.32858,4.620313,POSITION,-1.417202,2.030954,0.2654122
70097157355300,0,300,session,LOOK_AT,7.18584,58.34315,4.614954,POSITION,-1.417264,2.030961,0.2656298
70097175345500,0,300,session,LOOK_AT,7.205099,58.35108,4.622495,POSITION,-1.417723,2.030833,0.2654007
70097186339100,0,300,session,LOOK_AT,7.221926,58.36065,4.587243,POSITION,-1.417677,2.030956,0.2655893
70097222318500,0,300,session,LOOK_AT,7.239406,58.40714,4.591602,POSITION,-1.417513,2.030656,0.2659686
70097253301200,0,300,session,LOOK_AT,7.310119,58.37958,4.590907,POSITION,-1.417502,2.030133,0.2663892
70097271290600,0,300,session,LOOK_AT,7.363747,58.41388,4.60201,POSITION,-1.417675,2.029891,0.2665866
70097284282700,0,300,session,LOOK_AT,7.33163,58.40913,4.587954,POSITION,-1.417417,2.029697,0.2668176
70097304271500,0,300,session,LOOK_AT,7.354841,58.47111,4.621476,POSITION,-1.418744,2.029435,0.267214
70097345249600,0,300,session,LOOK_AT,7.359905,58.45633,4.61591,POSITION,-1.418549,2.029325,0.2674302
70097369233600,0,300,session,LOOK_AT,7.444969,58.50729,4.617446,POSITION,-1.419044,2.029576,0.2675998
70097413209000,0,300,session,LOOK_AT,7.459135,58.49281,4.589654,POSITION,-1.419089,2.030163,0.2674571
70097448189400,0,300,session,LOOK_AT,7.213492,57.643,3.909745,POSITION,-1.383314,2.02143,0.2529349
70097480170500,0,300,session,LOOK_AT,7.208158,57.65198,3.912275,POSITION,-1.378786,2.01948,0.2523852
70097505156300,0,300,session,LOOK_AT,6.947455,56.66925,3.00407,POSITION,-1.338425,2.004418,0.2307696
70097547132300,0,300,session,LOOK_AT,6.927589,56.67813,2.963945,POSITION,-1.329377,2.000005,0.228113
70097574117000,0,300,session,LOOK_AT,5.907576,56.55512,3.381853,POSITION,-1.379251,2.02816,0.2281248
70097614093800,0,300,session,LOOK_AT,6.093285,57.19516,4.453447,POSITION,-1.401628,2.043676,0.2400351
70097659067600,0,300,session,LOOK_AT,6.229838,57.32352,4.638184,POSITION,-1.406339,2.04348,0.2454979
70097691050400,0,300,session,LOOK_AT,6.183135,57.34666,4.701841,POSITION,-1.411108,2.044033,0.2478513
70097708039700,0,300,session,LOOK_AT,6.342322,57.32204,4.704324,POSITION,-1.409646,2.040788,0.2534893
70097747018100,0,300,session,LOOK_AT,6.327914,57.32551,4.712028,POSITION,-1.411377,2.041953,0.2541084
70097774002800,0,300,session,LOOK_AT,6.450268,57.42791,4.736946,POSITION,-1.41166,2.035901,0.2570323
70097815979900,0,300,session,LOOK_AT,6.569411,57.57846,4.789025,POSITION,-1.411132,2.03278,0.2582939
70097842962800,0,300,session,LOOK_AT,6.62018,57.63196,4.780447,POSITION,-1.411829,2.031837,0.2593376
70097880941100,0,300,session,LOOK_AT,6.605014,57.65033,4.762411,POSITION,-1.412295,2.031754,0.2594944
70097905927200,0,300,session,LOOK_AT,6.68294,57.62644,4.716066,POSITION,-1.412266,2.031625,0.2595163
70097942906100,0,300,session,LOOK_AT,6.683855,57.69164,4.759329,POSITION,-1.413436,2.031289,0.2608892
70097970889800,0,300,session,LOOK_AT,6.77159,57.76975,4.735737,POSITION,-1.413247,2.03125,0.2606438
70097997382100,0,300,session,LOOK_AT,6.833231,57.80875,4.724596,POSITION,-1.414661,2.031182,0.2615338
70098028364500,0,300,session,LOOK_AT,6.902648,57.83045,4.719803,POSITION,-1.414286,2.03061,0.2618183
70098042356000,0,300,session,LOOK_AT,6.969073,57.85887,4.704899,POSITION,-1.413503,2.030744,0.2615222
70098060346200,0,300,session,LOOK_AT,6.966734,57.86242,4.683661,POSITION,-1.412935,2.030986,0.2610914
70098081334600,0,300,session,LOOK_AT,6.971607,57.87786,4.675042,POSITION,-1.41334,2.031484,0.2613487
70098106319600,0,300,session,LOOK_AT,6.980748,57.87288,4.681058,POSITION,-1.413548,2.031405,0.2615976
70098130305900,0,300,session,LOOK_AT,6.97336,57.89863,4.679453,POSITION,-1.413743,2.031285,0.2619069
70098154291800,0,300,session,LOOK_AT,7.019464,57.87904,4.635729,POSITION,-1.413825,2.031514,0.2612022
70098168283500,0,300,session,LOOK_AT,7.057056,57.94136,4.639792,POSITION,-1.414011,2.031656,0.2616338
70098196267800,0,300,session,LOOK_AT,7.083194,57.93285,4.650959,POSITION,-1.414082,2.031609,0.2618231
70098233246500,0,300,session,LOOK_AT,7.094738,57.94703,4.643091,POSITION,-1.414842,2.031933,0.2621471
70098247239000,0,300,session,LOOK_AT,7.153384,58.01206,4.63444,POSITION,-1.413658,2.031539,0.2623482
70098275222700,0,300,session,LOOK_AT,7.12801,58.02505,4.635551,POSITION,-1.413599,2.031438,0.262523
70098302207100,0,300,session,LOOK_AT,7.155352,58.04776,4.616757,POSITION,-1.414516,2.031662,0.2621817
70098334188800,0,300,session,LOOK_AT,7.157338,58.04804,4.630061,POSITION,-1.414512,2.031654,0.2622682
70098349180600,0,300,session,LOOK_AT,7.185616,58.09607,4.632638,POSITION,-1.4146,2.031477,0.2627471
70098362172800,0,300,session,LOOK_AT,7.223604,58.16438,4.647374,POSITION,-1.415033,2.031202,0.2632287
70098375165500,0,300,session,LOOK_AT,7.263281,58.21135,4.67953,POSITION,-1.415561,2.030973,0.2640426
70098392155900,0,300,session,LOOK_AT,7.283094,58.23126,4.666009,POSITION,-1.415635,2.030692,0.2641707
70098416141800,0,300,session,LOOK_AT,6.806533,57.393,4.103233,POSITION,-1.386664,2.023781,0.2496681
70098437130300,0,300,session,LOOK_AT,6.644069,57.51976,4.250839,POSITION,-1.391764,2.027229,0.2490204
70098477107600,0,300,session,LOOK_AT,6.64277,57.51044,4.256584,POSITION,-1.390268,2.026546,0.2484227
70098489100500,0,300,session,LOOK_AT,6.465762,57.53442,4.414352,POSITION,-1.399143,2.032366,0.248019
70098506090300,0,300,session,LOOK_AT,6.506563,57.53984,4.398181,POSITION,-1.398797,2.032465,0.247269
70098550064800,0,300,session,LOOK_AT,6.474305,57.53213,4.387704,POSITION,-1.398412,2.032483,0.2464772
70098566056500,0,300,session,LOOK_AT,6.478967,57.68425,4.554191,POSITION,-1.403318,2.035855,0.249811
70098578049100,0,300,session,LOOK_AT,6.521569,57.72066,4.601275,POSITION,-1.40476,2.035776,0.2514084
70098595039500,0,300,session,LOOK_AT,6.578134,57.77936,4.669875,POSITION,-1.406671,2.03543,0.2533367
70098644012200,0,300,session,LOOK_AT,6.62684,57.81262,4.675286,POSITION,-1.408826,2.035441,0.2548875
70098663001700,0,300,session,LOOK_AT,6.751641,57.85131,4.721478,POSITION,-1.409788,2.034925,0.2565337
70098690984600,0,300,session,LOOK_AT,6.743262,57.85061,4.720356,POSITION,-1.410101,2.035224,0.2566014
70098715971500,0,300,session,LOOK_AT,6.808539,57.90491,4.743124,POSITION,-1.409423,2.03449,0.2580182
70098744953900,0,300,session,LOOK_AT,6.809596,57.89043,4.737121,POSITION,-1.409518,2.034661,0.2582328
70098757946100,0,300,session,LOOK_AT,6.784184,57.94637,4.766747,POSITION,-1.409773,2.03409,0.2588456
70098771938600,0,300,session,LOOK_AT,6.431788,57.26809,4.223767,POSITION,-1.370209,2.023239,0.2421291
70098786929600,0,300,session,LOOK_AT,6.404562,57.21136,4.130684,POSITION,-1.368003,2.02086,0.2386284
70098804919600,0,300,session,LOOK_AT,6.077106,57.35479,4.48347,POSITION,-1.392706,2.032022,0.2421613
70098829905100,0,300,session,LOOK_AT,6.037814,57.41693,4.541485,POSITION,-1.397221,2.033909,0.2419021
70098849894000,0,300,session,LOOK_AT,6.03272,57.42719,4.559059,POSITION,-1.397779,2.034076,0.2423261
70098880878900,0,300,session,LOOK_AT,6.049943,57.41478,4.580193,POSITION,-1.398459,2.033956,0.2430652
70098890870100,0,300,session,LOOK_AT,6.134309,57.51577,4.708225,POSITION,-1.402104,2.037264,0.2481486
70098901863600,0,300,session,LOOK_AT,6.143735,57.53307,4.7061,POSITION,-1.402691,2.037763,0.248053
70098932845700,0,300,session,LOOK_AT,6.187229,57.55618,4.709038,POSITION,-1.403138,2.037158,0.248905
70098955833000,0,300,session,LOOK_AT,5.695786,56.65185,4.161681,POSITION,-1.36936,2.026932,0.2346354
70098971823500,0,300,session,LOOK_AT,5.623904,56.99278,4.386543,POSITION,-1.384874,2.032078,0.238419
70098994810200,0,300,session,LOOK_AT,5.607291,56.99666,4.385764,POSITION,-1.384539,2.031746,0.2380791
70099020795300,0,300,session,LOOK_AT,5.593479,57.06052,4.543696,POSITION,-1.394311,2.037558,0.2399374
70099043782900,0,300,session,LOOK_AT,5.639485,57.08773,4.59268,POSITION,-1.39753,2.039226,0.2417536
70099073765700,0,300,session,LOOK_AT,5.632457,57.1146,4.607735,POSITION,-1.398368,2.039847,0.2414053
70099087757700,0,300,session,LOOK_AT,5.756064,57.21247,4.681985,POSITION,-1.399294,2.038901,0.2453322
70099106746400,0,300,session,LOOK_AT,5.742152,57.22551,4.683875,POSITION,-1.400048,2.039356,0.2453304
70099137729400,0,300,session,LOOK_AT,5.827729,57.26338,4.694617,POSITION,-1.402608,2.038524,0.2473711
70099171709000,0,300,session,LOOK_AT,5.954143,57.27863,4.674946,POSITION,-1.403643,2.037429,0.2496201
70099186700300,0,300,session,LOOK_AT,6.003707,57.29044,4.660491,POSITION,-1.404539,2.037742,0.2502608
70099200692900,0,300,session,LOOK_AT,6.029018,57.39861,4.734542,POSITION,-1.404893,2.036724,0.2513686
70099217683000,0,300,session,LOOK_AT,6.020069,57.39021,4.733812,POSITION,-1.405553,2.036824,0.2516329
70099275650600,0,300,session,LOOK_AT,6.090774,57.36742,4.715753,POSITION,-1.406106,2.035079,0.2520986
70099290642200,0,300,session,LOOK_AT,6.110404,57.36787,4.708216,POSITION,-1.406769,2.035005,0.2524161
70099304633600,0,300,session,LOOK_AT,6.235267,57.40537,4.689572,POSITION,-1.405927,2.034062,0.2540217
70099345609700,0,300,session,LOOK_AT,6.21878,57.42372,4.695461,POSITION,-1.406389,2.033835,0.2544821
70099358603000,0,300,session,LOOK_AT,6.288477,57.42572,4.640287,POSITION,-1.406178,2.034288,0.2538643
70099378591000,0,300,session,LOOK_AT,6.348447,57.50922,4.692741,POSITION,-1.406665,2.03342,0.2544459
70099395580800,0,300,session,LOOK_AT,6.444319,57.50213,4.643526,POSITION,-1.406258,2.032962,0.2542854
70099406575200,0,300,session,LOOK_AT,6.486335,57.52704,4.63229,POSITION,-1.406815,2.033102,0.2543984
70099434558300,0,300,session,LOOK_AT,6.542391,57.58953,4.659708,POSITION,-1.40707,2.032502,0.2553056
70099463546700,0,300,session,LOOK_AT,6.572731,57.58784,4.620785,POSITION,-1.406451,2.032595,0.2549724
70099492526000,0,300,session,LOOK_AT,6.56584,57.59969,4.646299,POSITION,-1.406453,2.032372,0.2551889
70099593467500,0,300,session,LOOK_AT,6.595839,57.68683,4.685768,POSITION,-1.408066,2.032429,0.2564694
70099800349400,0,300,session,LOOK_AT,6.59415,57.67518,4.698303,POSITION,-1.408152,2.032228,0.2567146
70099842325300,0,300,session,LOOK_AT,6.817065,57.76527,4.63304,POSITION,-1.408727,2.033337,0.2569339
70099891298000,0,300,session,LOOK_AT,7.080296,57.91133,4.592408,POSITION,-1.410691,2.032616,0.2597783
70099936271000,0,300,session,LOOK_AT,7.117262,57.93279,4.59457,POSITION,-1.412198,2.032636,0.2606505
70099962256400,0,300,session,LOOK_AT,6.534719,57.25025,4.177006,POSITION,-1.387693,2.028203,0.2448167
70099995237300,0,300,session,LOOK_AT,6.443378,57.40897,4.300708,POSITION,-1.395718,2.031876,0.2456852
70100017224700,0,300,session,LOOK_AT,6.530242,57.60497,4.5677,POSITION,-1.404198,2.035476,0.2485653
70100035215000,0,300,session,LOOK_AT,6.58934,57.59047,4.586865,POSITION,-1.404561,2.036555,0.2496155
70100058201700,0,300,session,LOOK_AT,6.581607,57.66402,4.663418,POSITION,-1.406646,2.036048,0.2512179
70100080188800,0,300,session,LOOK_AT,6.605539,57.67348,4.682814,POSITION,-1.407123,2.036723,0.2507958
70100092181600,0,300,session,LOOK_AT,6.727276,57.73199,4.709111,POSITION,-1.407184,2.035755,0.2545937
70100123165200,0,300,session,LOOK_AT,6.775939,57.81817,4.745102,POSITION,-1.40776,2.035478,0.2556691
70100159143100,0,300,session,LOOK_AT,6.823583,57.79792,4.766734,POSITION,-1.409748,2.034762,0.2572629
70100181131400,0,300,session,LOOK_AT,6.82858,57.81322,4.782808,POSITION,-1.410486,2.034686,0.2579487
70100219109400,0,300,session,LOOK_AT,6.843684,57.79705,4.785633,POSITION,-1.411901,2.034144,0.2586988
70100257087300,0,300,session,LOOK_AT,6.904064,57.8458,4.748357,POSITION,-1.411475,2.033224,0.2592279
70100281073300,0,300,session,LOOK_AT,6.969734,57.85406,4.718326,POSITION,-1.410965,2.032417,0.2595877
70100317936200,0,300,session,LOOK_AT,7.044186,57.88457,4.657714,POSITION,-1.412116,2.032127,0.2601309
70100354914600,0,300,session,LOOK_AT,7.062312,57.93077,4.694332,POSITION,-1.413154,2.032332,0.2610334
70100380900000,0,300,session,LOOK_AT,7.135571,57.91972,4.642638,POSITION,-1.412786,2.031809,0.2612039
70100417879500,0,300,session,LOOK_AT,7.129463,57.9283,4.640119,POSITION,-1.41314,2.03142,0.2616689
70100461853200,0,300,session,LOOK_AT,7.153467,57.94817,4.617861,POSITION,-1.413317,2.031684,0.2619402
70100482841600,0,300,session,LOOK_AT,7.184574,58.01689,4.638474,POSITION,-1.414351,2.031243,0.2627457
70100518821000,0,300,session,LOOK_AT,7.234158,58.00911,4.613184,POSITION,-1.414963,2.030426,0.263372
70100558797800,0,300,session,LOOK_AT,7.281624,58.02688,4.615328,POSITION,-1.415623,2.030076,0.2638108
70100582784100,0,300,session,LOOK_AT,7.316225,58.08465,4.640304,POSITION,-1.416755,2.029846,0.2652491
70100622761500,0,300,session,LOOK_AT,7.325245,58.08278,4.57909,POSITION,-1.415498,2.030644,0.2639721
70100687725000,0,300,session,LOOK_AT,7.348985,58.15104,4.604325,POSITION,-1.416499,2.03056,0.26464
70100699717000,0,300,session,LOOK_AT,7.382243,58.19595,4.651169,POSITION,-1.417637,2.030379,0.2657602
70100716708500,0,300,session,LOOK_AT,7.446168,58.20861,4.66151,POSITION,-1.418772,2.029757,0.2673388
70100757684000,0,300,session,LOOK_AT,7.467414,58.21687,4.630997,POSITION,-1.41766,2.030569,0.2661526
70100778671900,0,300,session,LOOK_AT,7.496957,58.24775,4.63266,POSITION,-1.417153,2.03041,0.2661276
70100815651400,0,300,session,LOOK_AT,7.517467,58.31734,4.62898,POSITION,-1.418356,2.029958,0.2666497
70100838639800,0,300,session,LOOK_AT,7.515694,58.29213,4.65245,POSITION,-1.418017,2.029957,0.2665971
70100873617900,0,300,session,LOOK_AT,7.554452,58.31501,4.629068,POSITION,-1.41883,2.029845,0.2671962
70100881613600,0,300,session,LOOK_AT,7.575459,58.36154,4.635306,POSITION,-1.418775,2.030136,0.2670122
70100901602200,0,300,session,LOOK_AT,7.555489,58.37423,4.645978,POSITION,-1.419402,2.03012,0.2676712
70100933583600,0,300,session,LOOK_AT,7.587136,58.36602,4.638839,POSITION,-1.419234,2.030103,0.2677626
70100969562400,0,300,session,LOOK_AT,7.576023,58.36451,4.631641,POSITION,-1.418716,2.030293,0.2673776
70100982555100,0,300,session,LOOK_AT,7.607648,58.41772,4.622797,POSITION,-1.419427,2.029948,0.2680075
70100997546900,0,300,session,LOOK_AT,7.604002,58.43129,4.620789,POSITION,-1.418919,2.030088,0.2677644
70101020533300,0,300,session,LOOK_AT,7.606042,58.44557,4.635145,POSITION,-1.419294,2.029757,0.2678418
70101044520500,0,300,session,LOOK_AT,7.598174,58.43428,4.625377,POSITION,-1.419149,2.029635,0.2679667
70101062509600,0,300,session,LOOK_AT,7.040079,57.57405,4.102916,POSITION,-1.384218,2.023576,0.2498649
70101087496000,0,300,session,LOOK_AT,6.90015,57.85556,4.300467,POSITION,-1.395254,2.026667,0.2514454
70101101487700,0,300,session,LOOK_AT,6.90461,57.86647,4.279664,POSITION,-1.393954,2.02621,0.2506905
70101127472500,0,300,session,LOOK_AT,6.909472,57.86443,4.276724,POSITION,-1.3926,2.025709,0.2498829
70101163451300,0,300,session,LOOK_AT,6.930457,57.85659,4.263389,POSITION,-1.391305,2.025546,0.2491701
70101189437300,0,300,session,LOOK_AT,6.640476,57.98729,4.551318,POSITION,-1.405526,2.031404,0.2527122
70101211424700,0,300,session,LOOK_AT,6.680562,57.96064,4.558615,POSITION,-1.405619,2.031615,0.2520718
70101235410400,0,300,session,LOOK_AT,6.709539,57.95596,4.631044,POSITION,-1.408026,2.034401,0.2535686
70101262394800,0,300,session,LOOK_AT,6.692116,57.96579,4.711751,POSITION,-1.410626,2.033661,0.255483
70101287380300,0,300,session,LOOK_AT,6.749267,58.00831,4.744525,POSITION,-1.412099,2.034151,0.2569025
70101301372600,0,300,session,LOOK_AT,6.808056,58.0736,4.816585,POSITION,-1.41362,2.033393,0.2599782
70101332355000,0,300,session,LOOK_AT,6.874442,58.07226,4.816852,POSITION,-1.41428,2.0333,0.2608016
70101367335100,0,300,session,LOOK_AT,6.869782,58.06616,4.849461,POSITION,-1.415278,2.033289,0.261442
70101387323400,0,300,session,LOOK_AT,6.949628,58.09518,4.841517,POSITION,-1.415053,2.031529,0.2627466
70101406312600,0,300,session,LOOK_AT,6.938191,58.12219,4.836632,POSITION,-1.415385,2.031567,0.262976
70101455284700,0,300,session,LOOK_AT,6.949701,58.10025,4.823391,POSITION,-1.415776,2.031605,0.2632979
70101474273400,0,300,session,LOOK_AT,6.960385,58.10361,4.815114,POSITION,-1.416921,2.031559,0.2639162
70101494262300,0,300,session,LOOK_AT,6.988156,58.09911,4.810634,POSITION,-1.417413,2.031405,0.2646176
70101507255300,0,300,session,LOOK_AT,7.023943,58.13972,4.766634,POSITION,-1.417211,2.031255,0.2642903
70101551720700,0,300,session,LOOK_AT,7.02963,58.15471,4.741539,POSITION,-1.417372,2.0312,0.2644477
70101572708300,0,300,session,LOOK_AT,7.047971,58.16434,4.737381,POSITION,-1.417776,2.031205,0.2647538
70101586701400,0,300,session,LOOK_AT,7.111743,58.24083,4.741705,POSITION,-1.41828,2.02983,0.2657608
70101606689700,0,300,session,LOOK_AT,7.145045,58.21428,4.763361,POSITION,-1.418303,2.0299,0.2657302
70101629676400,0,300,session,LOOK_AT,7.165187,58.27065,4.760775,POSITION,-1.417772,2.030361,0.2658609
70101641669200,0,300,session,LOOK_AT,7.160946,58.27896,4.721883,POSITION,-1.418586,2.029808,0.2664316
70101661658300,0,300,session,LOOK_AT,7.114295,57.63253,4.17384,POSITION,-1.375661,2.007444,0.2575752
70101691640600,0,300,session,LOOK_AT,6.641614,57.77663,4.471892,POSITION,-1.406318,2.028206,0.2538963
70101726620400,0,300,session,LOOK_AT,6.629076,57.77755,4.478798,POSITION,-1.406282,2.028181,0.2526059
70101767597100,0,300,session,LOOK_AT,6.652009,57.86702,4.563614,POSITION,-1.411623,2.033409,0.2557864
70101791583600,0,300,session,LOOK_AT,6.690608,57.93459,4.633207,POSITION,-1.413573,2.034805,0.2569154
70101826601900,0,300,session,LOOK_AT,6.739917,57.99857,4.704539,POSITION,-1.414957,2.034546,0.2594494
70101874574700,0,300,session,LOOK_AT,6.764789,57.98665,4.711917,POSITION,-1.415467,2.035459,0.2602468
70101890565300,0,300,session,LOOK_AT,6.886982,58.01448,4.651584,POSITION,-1.416613,2.0339,0.2624285
70101927546000,0,300,session,LOOK_AT,6.896144,58.00479,4.664892,POSITION,-1.417762,2.034163,0.2630662
70101977516500,0,300,session,LOOK_AT,6.998255,58.06433,4.63264,POSITION,-1.416552,2.031563,0.2640863
70101994506000,0,300,session,LOOK_AT,7.055552,58.087,4.626268,POSITION,-1.416212,2.031031,0.2644579
70102026487700,0,300,session,LOOK_AT,7.13238,58.15403,4.646148,POSITION,-1.41732,2.030511,0.265017
70102069462700,0,300,session,LOOK_AT,7.160399,58.17918,4.626289,POSITION,-1.417979,2.030619,0.2657706
70102092449900,0,300,session,LOOK_AT,7.204797,58.25491,4.678926,POSITION,-1.419722,2.029626,0.2672899
70102149416900,0,300,session,LOOK_AT,7.175641,58.26407,4.687943,POSITION,-1.420111,2.029457,0.2677649
70102178400400,0,300,session,LOOK_AT,7.26257,58.31116,4.653416,POSITION,-1.419429,2.0297,0.2669919
70102192393200,0,300,session,LOOK_AT,7.303879,58.31005,4.662425,POSITION,-1.420248,2.029483,0.2677831
70102229371100,0,300,session,LOOK_AT,7.357958,58.35089,4.685267,POSITION,-1.421408,2.028947,0.2693492
70102275344700,0,300,session,LOOK_AT,7.350377,58.43616,4.714598,POSITION,-1.422376,2.028564,0.2705892
70102289336400,0,300,session,LOOK_AT,7.390289,58.46505,4.720474,POSITION,-1.422328,2.028119,0.2706677
70102333312100,0,300,session,LOOK_AT,7.430945,58.45634,4.667119,POSITION,-1.420391,2.028949,0.2691134
70102378285600,0,300,session,LOOK_AT,7.428451,58.46882,4.624238,POSITION,-1.419406,2.029447,0.2682982
70102392278200,0,300,session,LOOK_AT,7.442046,58.44971,4.61766,POSITION,-1.418948,2.029165,0.2679419
70102429256900,0,300,session,LOOK_AT,7.473209,58.49591,4.614828,POSITION,-1.421523,2.029344,0.2691478
70102463236800,0,300,session,LOOK_AT,7.485441,58.50817,4.626051,POSITION,-1.421455,2.029368,0.2692444
70102487223900,0,300,session,LOOK_AT,7.486185,58.51256,4.640813,POSITION,-1.421427,2.029405,0.2693092
70102496218400,0,300,session,LOOK_AT,7.538252,58.50901,4.622236,POSITION,-1.421623,2.029168,0.2696124
70102523203300,0,300,session,LOOK_AT,7.530268,58.53832,4.63661,POSITION,-1.421541,2.029119,0.2697265
70102553185600,0,300,session,LOOK_AT,7.554678,58.51463,4.638576,POSITION,-1.421375,2.029151,0.2697656
70102590164500,0,300,session,LOOK_AT,7.120381,57.91933,4.243784,POSITION,-1.385165,2.023433,0.2521539
70102604156800,0,300,session,LOOK_AT,6.865922,57.91055,4.290524,POSITION,-1.387953,2.023412,0.2510636
70102629652700,0,300,session,LOOK_AT,6.869508,57.90763,4.276546,POSITION,-1.385744,2.022606,0.2503548
70102643646100,0,300,session,LOOK_AT,6.705935,57.76615,4.324718,POSITION,-1.399473,2.028471,0.2517375
70102657637200,0,300,session,LOOK_AT,6.641012,57.84573,4.453948,POSITION,-1.405735,2.032237,0.2515994
70102679623800,0,300,session,LOOK_AT,6.660958,57.84201,4.48019,POSITION,-1.405767,2.032645,0.2506663
70102690617900,0,300,session,LOOK_AT,6.658648,57.95931,4.624355,POSITION,-1.409726,2.034592,0.2554726
70102719601700,0,300,session,LOOK_AT,6.655665,57.97601,4.681399,POSITION,-1.411963,2.034196,0.257054
70102760577600,0,300,session,LOOK_AT,6.666467,57.9762,4.732773,POSITION,-1.413853,2.033695,0.2586027
70102777575700,0,300,session,LOOK_AT,6.709353,57.95986,4.737061,POSITION,-1.413885,2.03326,0.260085
70102790567500,0,300,session,LOOK_AT,6.753453,58.04815,4.723686,POSITION,-1.414666,2.032855,0.2612148
70102803560200,0,300,session,LOOK_AT,6.762046,58.04653,4.747414,POSITION,-1.415227,2.033126,0.2613068
70102829545900,0,300,session,LOOK_AT,6.779871,58.04272,4.721251,POSITION,-1.415414,2.032602,0.2614954
70102884513400,0,300,session,LOOK_AT,6.842807,58.09909,4.74507,POSITION,-1.415405,2.032363,0.262529
70102900505700,0,300,session,LOOK_AT,6.845522,58.09499,4.752628,POSITION,-1.415823,2.032545,0.262704
70102912497700,0,300,session,LOOK_AT,6.928973,58.11731,4.762994,POSITION,-1.416682,2.030881,0.26389
70102945478600,0,300,session,LOOK_AT,6.918841,58.12516,4.768457,POSITION,-1.417415,2.030731,0.2644137
70102966466500,0,300,session,LOOK_AT,6.942339,58.12912,4.78339,POSITION,-1.417814,2.030776,0.264487
70102981459200,0,300,session,LOOK_AT,6.556452,56.98186,3.865039,POSITION,-1.374536,2.018775,0.2453638
70102994450400,0,300,session,LOOK_AT,6.355722,57.02973,3.960191,POSITION,-1.390934,2.024238,0.2473893
70103006444100,0,300,session,LOOK_AT,6.267994,57.25723,4.169987,POSITION,-1.401878,2.032501,0.2477083
70103028432100,0,300,session,LOOK_AT,6.30933,57.3995,4.352935,POSITION,-1.406267,2.03576,0.2492089
70103052417800,0,300,session,LOOK_AT,6.320194,57.37795,4.346212,POSITION,-1.40695,2.036543,0.2483869
70103077403300,0,300,session,LOOK_AT,6.303186,57.36827,4.326058,POSITION,-1.407677,2.037291,0.2475417
70103095392500,0,300,session,LOOK_AT,6.384138,57.40905,4.434419,POSITION,-1.410017,2.036313,0.2536873
70103112383500,0,300,session,LOOK_AT,6.390487,57.40904,4.424658,POSITION,-1.410763,2.036973,0.253486
70103137369600,0,300,session,LOOK_AT,6.374047,57.43361,4.471854,POSITION,-1.413749,2.036142,0.2560295
70103159356700,0,300,session,LOOK_AT,5.811377,56.69239,4.077329,POSITION,-1.374098,2.027185,0.2364869
70103179345000,0,300,session,LOOK_AT,5.782746,56.86806,4.293055,POSITION,-1.390654,2.03093,0.2418926
70103205330100,0,300,session,LOOK_AT,5.769871,56.90962,4.421546,POSITION,-1.398055,2.034018,0.2437513
70103226317300,0,300,session,LOOK_AT,5.821066,56.90663,4.478481,POSITION,-1.40045,2.035713,0.2441201
70103251303200,0,300,session,LOOK_AT,5.814874,56.89996,4.458302,POSITION,-1.401174,2.036167,0.2434674
70103273291400,0,300,session,LOOK_AT,5.810204,56.88545,4.471959,POSITION,-1.401879,2.036616,0.2427945
70103292279500,0,300,session,LOOK_AT,5.802432,56.9296,4.613746,POSITION,-1.406678,2.034673,0.2474887
70103318266100,0,300,session,LOOK_AT,5.80807,56.94331,4.576227,POSITION,-1.407256,2.035447,0.2477311
70103344250900,0,300,session,LOOK_AT,5.835292,56.95816,4.628367,POSITION,-1.409575,2.034812,0.2503485
70103365240500,0,300,session,LOOK_AT,5.956297,57.02624,4.6553,POSITION,-1.406042,2.035203,0.2519992
70103383229600,0,300,session,LOOK_AT,6.090135,57.08835,4.612533,POSITION,-1.407899,2.03549,0.253051
70103401218100,0,300,session,LOOK_AT,6.401835,57.21515,4.639253,POSITION,-1.410175,2.034402,0.2559666
70103428202500,0,300,session,LOOK_AT,6.443495,57.30016,4.639846,POSITION,-1.410143,2.033516,0.2572908
70103452189400,0,300,session,LOOK_AT,6.458229,57.28738,4.633755,POSITION,-1.410489,2.033611,0.2574748
70103471179800,0,300,session,LOOK_AT,6.422538,57.29156,4.623591,POSITION,-1.411029,2.033592,0.2579294
70103490676500,0,300,session,LOOK_AT,6.265639,56.30033,4.01725,POSITION,-1.368389,2.018791,0.2458671
70103512664200,0,300,session,LOOK_AT,6.274704,56.25325,3.870079,POSITION,-1.360086,2.019391,0.2403056
70103551641800,0,300,session,LOOK_AT,6.270022,56.25171,3.744646,POSITION,-1.352496,2.019658,0.2342083
70103564634200,0,300,session,LOOK_AT,5.712101,56.75465,4.269978,POSITION,-1.392915,2.029366,0.2426425
70103602613000,0,300,session,LOOK_AT,5.669258,56.84783,4.462964,POSITION,-1.398342,2.033504,0.242635
70103638591800,0,300,session,LOOK_AT,5.765123,56.96697,4.54878,POSITION,-1.401001,2.03651,0.2439961
70103656581800,0,300,session,LOOK_AT,5.892637,57.01682,4.569924,POSITION,-1.402542,2.037146,0.2459435
70103669574500,0,300,session,LOOK_AT,5.889462,57.02778,4.568723,POSITION,-1.403424,2.037573,0.2455482
70103695559300,0,300,session,LOOK_AT,6.004685,57.08601,4.625534,POSITION,-1.404206,2.036645,0.2473388
70103710550900,0,300,session,LOOK_AT,6.072509,57.18058,4.67393,POSITION,-1.404854,2.035269,0.2510324
70103748529400,0,300,session,LOOK_AT,6.073845,57.18778,4.659134,POSITION,-1.405528,2.035462,0.2511838
70103764520200,0,300,session,LOOK_AT,6.054945,57.19084,4.70367,POSITION,-1.407271,2.034989,0.2524866
70103783510400,0,300,session,LOOK_AT,6.198503,57.23136,4.734784,POSITION,-1.407467,2.034117,0.2536297
70103828484200,0,300,session,LOOK_AT,6.286949,57.24996,4.704336,POSITION,-1.40817,2.033862,0.2544656
70103862463600,0,300,session,LOOK_AT,6.020541,56.64211,4.389197,POSITION,-1.378242,2.026483,0.2432273
70103881453100,0,300,session,LOOK_AT,5.927084,56.73257,4.356028,POSITION,-1.385323,2.029103,0.2419522
70103892447500,0,300,session,LOOK_AT,5.889511,56.74189,4.380644,POSITION,-1.384444,2.028398,0.2417262
70103902441800,0,300,session,LOOK_AT,5.773161,56.8673,4.512887,POSITION,-1.393413,2.033845,0.2416669
70103932423500,0,300,session,LOOK_AT,5.773684,56.95824,4.531456,POSITION,-1.396309,2.035445,0.2426719
70103961407000,0,300,session,LOOK_AT,5.77599,56.94951,4.545678,POSITION,-1.396774,2.035632,0.2422975
70103972400300,0,300,session,LOOK_AT,5.865702,57.06334,4.648458,POSITION,-1.400182,2.03665,0.2456005
70103990391100,0,300,session,LOOK_AT,5.890639,57.09901,4.677579,POSITION,-1.402561,2.037283,0.2471258
70104003382700,0,300,session,LOOK_AT,6.026635,57.09472,4.672194,POSITION,-1.402867,2.037093,0.2488325
70104031367000,0,300,session,LOOK_AT,6.060366,57.22984,4.717941,POSITION,-1.403262,2.03653,0.2502058
70104078339600,0,300,session,LOOK_AT,6.055392,57.21777,4.713949,POSITION,-1.404225,2.036505,0.2507781
70104104324700,0,300,session,LOOK_AT,6.055921,57.20171,4.715041,POSITION,-1.404905,2.036707,0.2510553
70104160293200,0,300,session,LOOK_AT,6.128897,57.30796,4.737042,POSITION,-1.404729,2.035447,0.2522201
70104191275100,0,300,session,LOOK_AT,6.324575,57.41367,4.764937,POSITION,-1.407054,2.034009,0.2537016
70104203268500,0,300,session,LOOK_AT,6.431203,57.49281,4.770096,POSITION,-1.407373,2.033561,0.2547895
70104222260600,0,300,session,LOOK_AT,6.517407,57.57868,4.793804,POSITION,-1.408872,2.032778,0.2565801
70104251241300,0,300,session,LOOK_AT,6.546035,57.63087,4.783198,POSITION,-1.408868,2.032854,0.2567433
70104282223400,0,300,session,LOOK_AT,6.550011,57.63704,4.773318,POSITION,-1.408647,2.03318,0.2564794
70104294216000,0,300,session,LOOK_AT,6.558264,57.62599,4.758876,POSITION,-1.408992,2.033165,0.2568373
70104306210000,0,300,session,LOOK_AT,6.597349,57.70007,4.748919,POSITION,-1.407793,2.033249,0.2564761
70104338191600,0,300,session,LOOK_AT,6.622219,57.71606,4.744413,POSITION,-1.409134,2.033358,0.2565017
70104387668900,0,300,session,LOOK_AT,6.732979,57.8404,4.77,POSITION,-1.40969,2.032557,0.2579858
70104400661600,0,300,session,LOOK_AT,6.882788,57.93777,4.807364,POSITION,-1.411539,2.032192,0.2598297
70104434642200,0,300,session,LOOK_AT,6.915938,57.90723,4.787294,POSITION,-1.411101,2.032195,0.2595088
70104476987600,0,300,session,LOOK_AT,6.933115,57.91578,4.767612,POSITION,-1.410588,2.032636,0.2593125
70104499974000,0,300,session,LOOK_AT,6.354539,57.11263,4.235612,POSITION,-1.37189,2.023257,0.240464
70104558940700,0,300,session,LOOK_AT,6.330696,57.23495,4.349142,POSITION,-1.388537,2.028294,0.2432579
70104586924600,0,300,session,LOOK_AT,6.273396,57.41133,4.592155,POSITION,-1.400174,2.035158,0.2451054
70104606913800,0,300,session,LOOK_AT,6.343272,57.4841,4.667077,POSITION,-1.402547,2.037063,0.2480143
70104633897600,0,300,session,LOOK_AT,6.394187,57.57283,4.719426,POSITION,-1.40402,2.036919,0.2498255
70104669877300,0,300,session,LOOK_AT,6.385009,57.56236,4.7487,POSITION,-1.40565,2.037072,0.2507457
70104700859100,0,300,session,LOOK_AT,6.437986,57.5889,4.75945,POSITION,-1.405932,2.03588,0.2530586
70104741836000,0,300,session,LOOK_AT,6.508898,57.62422,4.779504,POSITION,-1.408284,2.035941,0.2546366
70104769819700,0,300,session,LOOK_AT,6.63607,57.73138,4.778962,POSITION,-1.407981,2.034723,0.2564896
70104802801000,0,300,session,LOOK_AT,6.633765,57.7504,4.795974,POSITION,-1.408447,2.034985,0.2571082
70104834782700,0,300,session,LOOK_AT,6.674855,57.76507,4.751963,POSITION,-1.40883,2.033925,0.2572842
70104879756500,0,300,session,LOOK_AT,6.666931,57.7706,4.760285,POSITION,-1.409051,2.034151,0.2574659
70104900744900,0,300,session,LOOK_AT,6.665096,57.75702,4.721324,POSITION,-1.409139,2.034548,0.2574682
70104937723800,0,300,session,LOOK_AT,6.748862,57.80224,4.739295,POSITION,-1.410104,2.032929,0.2582483
70104971704400,0,300,session,LOOK_AT,6.89493,57.80881,4.708919,POSITION,-1.411057,2.032492,0.2589399
70105000687900,0,300,session,LOOK_AT,6.941083,57.83022,4.705886,POSITION,-1.412352,2.03232,0.2599234
70105034668200,0,300,session,LOOK_AT,6.975981,57.84774,4.716043,POSITION,-1.412366,2.031638,0.2605131
70105070648700,0,300,session,LOOK_AT,6.991994,57.84187,4.702315,POSITION,-1.411541,2.032097,0.2598404
70105090636400,0,300,session,LOOK_AT,7.003247,57.82341,4.709259,POSITION,-1.411577,2.032084,0.2601003
70105131612800,0,300,session,LOOK_AT,7.015108,57.84139,4.709907,POSITION,-1.412608,2.031974,0.2607008
70105163594200,0,300,session,LOOK_AT,7.086181,57.87346,4.671612,POSITION,-1.412797,2.032678,0.2603955
70105174588300,0,300,session,LOOK_AT,7.145799,57.90475,4.70247,POSITION,-1.413096,2.032323,0.2609386
70105191577900,0,300,session,LOOK_AT,7.160743,57.94244,4.693091,POSITION,-1.413648,2.032375,0.2615861
70105209567500,0,300,session,LOOK_AT,7.163289,57.93139,4.689459,POSITION,-1.413707,2.032424,0.2618192
70105228557700,0,300,session,LOOK_AT,7.179687,57.93831,4.672138,POSITION,-1.413229,2.032881,0.2613848
70105252543900,0,300,session,LOOK_AT,7.176897,57.94244,4.659444,POSITION,-1.414253,2.032648,0.2618999
70105286523600,0,300,session,LOOK_AT,7.187424,57.93113,4.63399,POSITION,-1.414262,2.032743,0.2621035
70105299516600,0,300,session,LOOK_AT,7.259229,58.00417,4.640825,POSITION,-1.414035,2.031929,0.2622355
70105314507600,0,300,session,LOOK_AT,7.276506,57.99728,4.619202,POSITION,-1.413491,2.032208,0.2619681
70105343491400,0,300,session,LOOK_AT,7.297468,58.0477,4.628844,POSITION,-1.414074,2.0318,0.2628335
70105360482700,0,300,session,LOOK_AT,7.330136,58.09346,4.643384,POSITION,-1.414553,2.031622,0.2631846
70105371475900,0,300,session,LOOK_AT,7.351376,58.14273,4.678885,POSITION,-1.41466,2.031479,0.2633709
70105393462800,0,300,session,LOOK_AT,7.358701,58.13552,4.680725,POSITION,-1.414518,2.031513,0.2635234
70105412452600,0,300,session,LOOK_AT,7.339364,58.1314,4.645669,POSITION,-1.413834,2.031926,0.2629908
70105445433300,0,300,session,LOOK_AT,7.362513,58.18022,4.676045,POSITION,-1.414962,2.031695,0.2636345
70105461423600,0,300,session,LOOK_AT,7.395014,58.182,4.678367,POSITION,-1.414803,2.031774,0.2637869
70105479413500,0,300,session,LOOK_AT,7.440342,58.22618,4.681319,POSITION,-1.41544,2.031508,0.2638906
70105502400000,0,300,session,LOOK_AT,7.430552,58.21478,4.667539,POSITION,-1.415367,2.031501,0.2640629
70105531383800,0,300,session,LOOK_AT,7.509137,58.26937,4.67806,POSITION,-1.417635,2.031862,0.2650035
70105571360300,0,300,session,LOOK_AT,7.523431,58.28474,4.648253,POSITION,-1.417547,2.031203,0.2658173
70105585352900,0,300,session,LOOK_AT,7.571697,58.30088,4.627761,POSITION,-1.417828,2.031146,0.265967
70105601344600,0,300,session,LOOK_AT,7.552718,58.29613,4.634216,POSITION,-1.41771,2.031197,0.2660832
70105621333100,0,300,session,LOOK_AT,7.581404,58.31771,4.629318,POSITION,-1.417587,2.031285,0.2662595
70105649315900,0,300,session,LOOK_AT,7.594813,58.33229,4.623292,POSITION,-1.418156,2.030658,0.2662149
70105668305800,0,300,session,LOOK_AT,7.61088,58.37102,4.658134,POSITION,-1.418031,2.030834,0.2664626
70105680298000,0,300,session,LOOK_AT,7.631617,58.36193,4.626292,POSITION,-1.41822,2.030576,0.2665178
70105700286600,0,300,session,LOOK_AT,7.645477,58.38445,4.630792,POSITION,-1.417927,2.030682,0.2665324
70105728271100,0,300,session,LOOK_AT,7.673271,58.41767,4.630558,POSITION,-1.419071,2.03022,0.2674718
70105757254700,0,300,session,LOOK_AT,7.691552,58.45978,4.648454,POSITION,-1.41962,2.030089,0.2680909
70105768248000,0,300,session,LOOK_AT,7.687549,58.49764,4.644281,POSITION,-1.419936,2.03013,0.268431
70105793233500,0,300,session,LOOK_AT,7.684468,58.50214,4.644556,POSITION,-1.419753,2.030171,0.2685786
70105816220800,0,300,session,LOOK_AT,7.672688,58.49665,4.647185,POSITION,-1.419649,2.030146,0.2688405
70105844205000,0,300,session,LOOK_AT,7.691065,58.50681,4.648186,POSITION,-1.42065,2.029716,0.2688857
70105861195400,0,300,session,LOOK_AT,7.72023,58.50583,4.638925,POSITION,-1.420648,2.029632,0.2693979
70105894175500,0,300,session,LOOK_AT,7.722113,58.52607,4.629657,POSITION,-1.421113,2.029654,0.2695574
70105906168400,0,300,session,LOOK_AT,7.73544,58.55531,4.642478,POSITION,-1.421424,2.029371,0.2700136
70105937151100,0,300,session,LOOK_AT,7.7301,58.57354,4.642209,POSITION,-1.421691,2.029376,0.2702827
70105965135300,0,300,session,LOOK_AT,7.765713,58.57849,4.642533,POSITION,-1.422613,2.029292,0.2706798
70105977128200,0,300,session,LOOK_AT,7.779798,58.5812,4.636258,POSITION,-1.422809,2.029322,0.2707595
70105998116000,0,300,session,LOOK_AT,7.77789,58.5896,4.631854,POSITION,-1.422683,2.02936,0.2709176
70106018104800,0,300,session,LOOK_AT,7.783242,58.58708,4.617254,POSITION,-1.42257,2.029382,0.271059
70106060080200,0,300,session,LOOK_AT,7.795569,58.61159,4.644559,POSITION,-1.4234,2.029001,0.2715662
70106072073100,0,300,session,LOOK_AT,7.820467,58.62497,4.625052,POSITION,-1.424111,2.028546,0.2722749
70106089064000,0,300,session,LOOK_AT,7.827796,58.6488,4.626302,POSITION,-1.424273,2.028509,0.2720638
70106102056500,0,300,session,LOOK_AT,7.881929,58.64484,4.645322,POSITION,-1.424703,2.028457,0.2726964
70106130044400,0,300,session,LOOK_AT,7.888339,58.66329,4.610989,POSITION,-1.424682,2.028278,0.272755
70106180012100,0,300,session,LOOK_AT,7.894428,58.69904,4.635896,POSITION,-1.42519,2.028203,0.273149
70106198002600,0,300,session,LOOK_AT,7.935243,58.69999,4.639914,POSITION,-1.425499,2.028235,0.2732119
70106210994500,0,300,session,LOOK_AT,7.929183,58.69455,4.632933,POSITION,-1.425364,2.028265,0.2732965
70106235980000,0,300,session,LOOK_AT,7.928824,58.71082,4.6425,POSITION,-1.425191,2.028269,0.2734192
70106285951400,0,300,session,LOOK_AT,7.930256,58.71748,4.613136,POSITION,-1.425526,2.028677,0.2734424
70106295946000,0,300,session,LOOK_AT,7.919204,58.7353,4.609825,POSITION,-1.426181,2.028247,0.2740986
70106303940500,0,300,session,LOOK_AT,7.928186,58.73878,4.620975,POSITION,-1.426707,2.028239,0.274445
70106326929200,0,300,session,LOOK_AT,7.932221,58.7452,4.606385,POSITION,-1.426611,2.028289,0.27459
70106361907300,0,300,session,LOOK_AT,7.930393,58.74679,4.621276,POSITION,-1.426493,2.02833,0.2747229
70106376898900,0,300,session,LOOK_AT,7.937341,58.75212,4.583172,POSITION,-1.426574,2.028326,0.27436
70106389892200,0,300,session,LOOK_AT,7.939452,58.74528,4.588068,POSITION,-1.426432,2.028387,0.2744198
70106410880000,0,300,session,LOOK_AT,7.958623,58.76019,4.58009,POSITION,-1.425996,2.028636,0.274247
70106438864000,0,300,session,LOOK_AT,7.943687,58.73927,4.547899,POSITION,-1.426227,2.028178,0.2742253
70106487836100,0,300,session,LOOK_AT,7.955233,58.75942,4.563662,POSITION,-1.426794,2.027955,0.2747959
70106500828200,0,300,session,LOOK_AT,7.975841,58.75622,4.559124,POSITION,-1.426947,2.028039,0.2746508
70106511821700,0,300,session,LOOK_AT,7.643914,58.0906,4.045978,POSITION,-1.391288,2.01519,0.2615841
70106540805600,0,300,session,LOOK_AT,7.583373,58.33868,4.174346,POSITION,-1.402858,2.019904,0.2615163
70106576784400,0,300,session,LOOK_AT,7.566449,58.31829,4.20254,POSITION,-1.401033,2.018955,0.2606789
70106603768500,0,300,session,LOOK_AT,7.463631,58.44028,4.337612,POSITION,-1.411588,2.027243,0.2604349
70106642746900,0,300,session,LOOK_AT,7.463387,58.45218,4.345389,POSITION,-1.411108,2.02745,0.2594561
70106661736400,0,300,session,LOOK_AT,7.395857,58.46679,4.487806,POSITION,-1.417793,2.032571,0.2628056
70106686722000,0,300,session,LOOK_AT,7.415838,58.45365,4.503266,POSITION,-1.419577,2.03352,0.2642322
70106704712000,0,300,session,LOOK_AT,7.40703,58.46285,4.557265,POSITION,-1.42194,2.032889,0.2662671
70106712707400,0,300,session,LOOK_AT,7.430765,58.46335,4.586279,POSITION,-1.422322,2.032177,0.2681902
70106726699900,0,300,session,LOOK_AT,7.413268,58.46943,4.594605,POSITION,-1.423362,2.032216,0.2689592
70106772672800,0,300,session,LOOK_AT,7.418017,58.49688,4.606366,POSITION,-1.423831,2.032645,0.2690582
70106789663400,0,300,session,LOOK_AT,7.46146,58.48715,4.615115,POSITION,-1.424475,2.030912,0.2705591
70106810651000,0,300,session,LOOK_AT,7.477467,58.48735,4.631477,POSITION,-1.424818,2.031192,0.2707968
70106823643700,0,300,session,LOOK_AT,7.481795,58.4788,4.61916,POSITION,-1.42569,2.03109,0.271727
70106845631700,0,300,session,LOOK_AT,7.116052,57.46569,3.847933,POSITION,-1.385702,2.018379,0.2528973
70106875613600,0,300,session,LOOK_AT,7.046573,57.60723,3.975377,POSITION,-1.400623,2.023612,0.2556157
70106891604200,0,300,session,LOOK_AT,6.777589,57.8378,4.271205,POSITION,-1.411965,2.030543,0.2569079
70106905595600,0,300,session,LOOK_AT,6.79599,57.92803,4.366973,POSITION,-1.415913,2.032704,0.2589291
70106926585400,0,300,session,LOOK_AT,6.788315,57.91816,4.404658,POSITION,-1.417532,2.032723,0.2594419
70106966561700,0,300,session,LOOK_AT,6.771644,57.93722,4.391187,POSITION,-1.418215,2.033403,0.2590845
70106981555500,0,300,session,LOOK_AT,6.898081,57.93976,4.432027,POSITION,-1.41896,2.033344,0.2625806
70107005539800,0,300,session,LOOK_AT,6.902987,57.94109,4.442406,POSITION,-1.41964,2.033889,0.2624633
70107027527200,0,300,session,LOOK_AT,6.905403,57.94629,4.453198,POSITION,-1.420336,2.034438,0.2623398
70107059508000,0,300,session,LOOK_AT,6.974015,57.98103,4.450973,POSITION,-1.420203,2.033411,0.264856
70107073500900,0,300,session,LOOK_AT,7.095185,58.05793,4.513676,POSITION,-1.42077,2.031812,0.2667233
70107090491000,0,300,session,LOOK_AT,7.128461,58.13571,4.529461,POSITION,-1.420819,2.030845,0.2677671
70107102483800,0,300,session,LOOK_AT,7.173743,58.13089,4.502704,POSITION,-1.421775,2.030658,0.2682088
70107125470800,0,300,session,LOOK_AT,7.167039,58.11666,4.501232,POSITION,-1.422055,2.030779,0.268427
70107168446000,0,300,session,LOOK_AT,7.169977,58.11541,4.50572,POSITION,-1.422466,2.030826,0.2687148
70107184438000,0,300,session,LOOK_AT,7.194185,58.16286,4.4935,POSITION,-1.421676,2.029658,0.2690235
70107199429000,0,300,session,LOOK_AT,7.221378,58.18338,4.492111,POSITION,-1.421893,2.029651,0.2692937
70107219416700,0,300,session,LOOK_AT,7.212232,58.20284,4.500761,POSITION,-1.422086,2.029588,0.2695622
70107247401000,0,300,session,LOOK_AT,7.237726,58.20578,4.506251,POSITION,-1.421326,2.028725,0.2690143
70107262392500,0,300,session,LOOK_AT,7.29117,58.21736,4.481105,POSITION,-1.421542,2.028118,0.2695003
70107290377100,0,300,session,LOOK_AT,7.288259,58.24047,4.472861,POSITION,-1.422062,2.028292,0.2695361
70107302370200,0,300,session,LOOK_AT,7.341041,58.24356,4.496436,POSITION,-1.42232,2.028246,0.2696955
70107327356000,0,300,session,LOOK_AT,7.361251,58.2736,4.46318,POSITION,-1.421928,2.028339,0.2697238
70107360336400,0,300,session,LOOK_AT,7.363808,58.26763,4.486494,POSITION,-1.421905,2.028248,0.2697905
70107399313900,0,300,session,LOOK_AT,7.376138,58.29528,4.477259,POSITION,-1.422758,2.02855,0.2700139
70107420301800,0,300,session,LOOK_AT,7.386594,58.29202,4.47646,POSITION,-1.422758,2.028476,0.2701204
70107445287600,0,300,session,LOOK_AT,7.424336,58.33131,4.516572,POSITION,-1.422849,2.028183,0.2700401
70107464276600,0,300,session,LOOK_AT,7.446645,58.31538,4.510582,POSITION,-1.422818,2.028133,0.2700892
70107476269700,0,300,session,LOOK_AT,7.443677,58.35936,4.51729,POSITION,-1.423147,2.028131,0.2706822
70107492260800,0,300,session,LOOK_AT,7.464895,58.40681,4.527792,POSITION,-1.423236,2.027954,0.2709931
70107507251800,0,300,session,LOOK_AT,7.459009,58.42902,4.540214,POSITION,-1.423089,2.027941,0.2710825
70107530240200,0,300,session,LOOK_AT,7.50161,58.44389,4.534868,POSITION,-1.423017,2.027917,0.2712047
70107569216300,0,300,session,LOOK_AT,7.484399,58.42103,4.531346,POSITION,-1.421991,2.028274,0.270411
70107587205700,0,300,session,LOOK_AT,7.004315,57.15545,3.490835,POSITION,-1.382186,2.019995,0.24976
70107603197400,0,300,session,LOOK_AT,6.734849,57.50434,3.861951,POSITION,-1.391214,2.022572,0.2504037
70107629182300,0,300,session,LOOK_AT,6.611643,57.64855,4.149152,POSITION,-1.406244,2.030024,0.253161
70107660164100,0,300,session,LOOK_AT,6.639935,57.74076,4.286238,POSITION,-1.410008,2.032376,0.2543084
70107672157800,0,300,session,LOOK_AT,6.722419,57.78491,4.312765,POSITION,-1.411645,2.034129,0.2549565
70107684150100,0,300,session,LOOK_AT,6.754685,57.83491,4.431787,POSITION,-1.413989,2.033702,0.2580693
70107700140900,0,300,session,LOOK_AT,6.806054,57.89497,4.491181,POSITION,-1.415326,2.033357,0.2594599
70107744116300,0,300,session,LOOK_AT,6.780605,57.89748,4.480557,POSITION,-1.415793,2.033775,0.2591998
70107775098100,0,300,session,LOOK_AT,6.799621,57.90163,4.491735,POSITION,-1.416294,2.034265,0.2589156
70107788090500,0,300,session,LOOK_AT,6.869363,57.90231,4.512294,POSITION,-1.416726,2.033138,0.2617272
70107799084900,0,300,session,LOOK_AT,6.889656,57.88578,4.538608,POSITION,-1.418183,2.032827,0.2628312
70107812077100,0,300,session,LOOK_AT,6.982989,57.95932,4.565633,POSITION,-1.417398,2.031168,0.2644561
70107836063600,0,300,session,LOOK_AT,7.016623,57.94334,4.548914,POSITION,-1.418078,2.030771,0.2651204
70107870043900,0,300,session,LOOK_AT,7.090378,58.00945,4.571009,POSITION,-1.418654,2.030391,0.2658157
70107894030400,0,300,session,LOOK_AT,7.137235,58.06272,4.580568,POSITION,-1.41878,2.029866,0.2662629
70107905024300,0,300,session,LOOK_AT,7.17156,58.05726,4.599288,POSITION,-1.419684,2.029747,0.2665676
70107924013200,0,300,session,LOOK_AT,7.181345,58.05753,4.599936,POSITION,-1.419862,2.02971,0.2668284
70107967987800,0,300,session,LOOK_AT,7.173267,58.06242,4.597831,POSITION,-1.420065,2.029631,0.2671037
70107980980500,0,300,session,LOOK_AT,6.794595,57.35679,4.096601,POSITION,-1.377482,2.012997,0.2507167
70107997971700,0,300,session,LOOK_AT,6.726418,57.21378,4.021658,POSITION,-1.387015,2.014237,0.2522345
70108042946100,0,300,session,LOOK_AT,6.718107,57.21029,3.924841,POSITION,-1.380885,2.015164,0.2464903
70108078924100,0,300,session,LOOK_AT,6.526494,57.58451,4.318903,POSITION,-1.402997,2.026337,0.2516001
70108090918600,0,300,session,LOOK_AT,6.556979,57.61194,4.465052,POSITION,-1.414491,2.034301,0.2571697
70108105908800,0,300,session,LOOK_AT,6.649672,57.69939,4.51727,POSITION,-1.415238,2.034143,0.2590442
70108124898600,0,300,session,LOOK_AT,6.656659,57.69009,4.519065,POSITION,-1.41595,2.03473,0.2588872
70108166874600,0,300,session,LOOK_AT,6.646229,57.70021,4.518191,POSITION,-1.416777,2.035286,0.2587138
70108199856700,0,300,session,LOOK_AT,6.710878,57.73619,4.579949,POSITION,-1.415865,2.033385,0.2614983
70108212847900,0,300,session,LOOK_AT,6.736371,57.80897,4.612551,POSITION,-1.416759,2.032798,0.2626159
70108224841100,0,300,session,LOOK_AT,6.750537,57.84225,4.630754,POSITION,-1.416131,2.032071,0.2630543
70108236833300,0,300,session,LOOK_AT,6.796065,57.88845,4.639566,POSITION,-1.416325,2.031257,0.2632412
70108264817600,0,300,session,LOOK_AT,6.86272,57.949,4.633318,POSITION,-1.416785,2.030818,0.2638811
70108288803600,0,300,session,LOOK_AT,6.890974,57.95395,4.649631,POSITION,-1.417863,2.030867,0.2645702
70108299798000,0,300,session,LOOK_AT,6.9369,57.99974,4.667266,POSITION,-1.418784,2.030123,0.2653672
70108322784100,0,300,session,LOOK_AT,6.930844,57.99495,4.684916,POSITION,-1.419196,2.03005,0.2656074
70108357764200,0,300,session,LOOK_AT,6.923285,58.02108,4.667089,POSITION,-1.419665,2.029975,0.265917
70108393743600,0,300,session,LOOK_AT,6.690679,57.26421,4.070551,POSITION,-1.378069,2.016025,0.2499134
70108406736600,0,300,session,LOOK_AT,6.46595,57.52999,4.297152,POSITION,-1.396639,2.02334,0.2521885
70108430722900,0,300,session,LOOK_AT,6.323472,57.63297,4.433279,POSITION,-1.404127,2.029099,0.2520506
70108475697200,0,300,session,LOOK_AT,6.322526,57.62947,4.470943,POSITION,-1.40664,2.030885,0.2526695
70108492686800,0,300,session,LOOK_AT,6.340567,57.66375,4.584106,POSITION,-1.409798,2.032108,0.2542184
70108502681300,0,300,session,LOOK_AT,6.389544,57.65434,4.579074,POSITION,-1.410516,2.032941,0.2554674
70108509677500,0,300,session,LOOK_AT,6.414464,57.69203,4.598626,POSITION,-1.41169,2.033656,0.2567701
70108526667600,0,300,session,LOOK_AT,6.427002,57.68802,4.609438,POSITION,-1.41237,2.034088,0.2566116
70108559648900,0,300,session,LOOK_AT,6.428021,57.68917,4.631848,POSITION,-1.413609,2.03417,0.2571444
70108574640700,0,300,session,LOOK_AT,6.534392,57.69007,4.624158,POSITION,-1.413586,2.033951,0.2588648
70108600626400,0,300,session,LOOK_AT,6.602807,57.72091,4.590762,POSITION,-1.414596,2.033711,0.2596135
70108622612700,0,300,session,LOOK_AT,6.705735,57.73317,4.559819,POSITION,-1.414411,2.033301,0.2607383
70108637604200,0,300,session,LOOK_AT,6.730996,57.75154,4.55056,POSITION,-1.414937,2.032876,0.2615272
70108662590000,0,300,session,LOOK_AT,6.745088,57.76516,4.539643,POSITION,-1.415417,2.033064,0.2617944
70108685577900,0,300,session,LOOK_AT,6.728786,57.74149,4.560004,POSITION,-1.416213,2.032906,0.2620663
70108706564800,0,300,session,LOOK_AT,6.784956,57.81459,4.549532,POSITION,-1.414844,2.031602,0.2622364
70108723554700,0,300,session,LOOK_AT,6.794472,57.82566,4.552048,POSITION,-1.415152,2.031604,0.2625102
70108753538900,0,300,session,LOOK_AT,6.794509,57.82138,4.581223,POSITION,-1.415478,2.031582,0.2627509
70108798511900,0,300,session,LOOK_AT,6.843867,57.89279,4.571302,POSITION,-1.415598,2.031287,0.2629823
70108811504600,0,300,session,LOOK_AT,6.879513,57.896,4.551885,POSITION,-1.41641,2.030838,0.2636523
70108823497200,0,300,session,LOOK_AT,6.940298,57.95732,4.558603,POSITION,-1.416647,2.030566,0.2636817
70108832492100,0,300,session,LOOK_AT,6.976811,57.95588,4.568701,POSITION,-1.41733,2.030411,0.2642878
70108859478000,0,300,session,LOOK_AT,7.029379,58.06515,4.621348,POSITION,-1.417772,2.030395,0.2650636
70108902453200,0,300,session,LOOK_AT,7.044935,58.11315,4.621841,POSITION,-1.417519,2.030297,0.2652336
70108915444800,0,300,session,LOOK_AT,7.055513,58.10764,4.624957,POSITION,-1.417591,2.029947,0.2655913
70108946427500,0,300,session,LOOK_AT,7.077298,58.12299,4.613134,POSITION,-1.417751,2.029919,0.2658426
70108968414600,0,300,session,LOOK_AT,7.060866,58.12986,4.661738,POSITION,-1.417888,2.02985,0.2660862
70108982407400,0,300,session,LOOK_AT,7.117721,58.18924,4.652095,POSITION,-1.418259,2.030206,0.265943
70108996399100,0,300,session,LOOK_AT,7.13362,58.26395,4.629761,POSITION,-1.419113,2.029706,0.2666115
70109011390700,0,300,session,LOOK_AT,7.177781,58.25115,4.655516,POSITION,-1.419847,2.029851,0.2669746
70109034378200,0,300,session,LOOK_AT,7.236281,58.23206,4.629313,POSITION,-1.419885,2.029907,0.2673575
70109062360800,0,300,session,LOOK_AT,7.214061,58.25074,4.61668,POSITION,-1.42003,2.029874,0.2675821
70109089345400,0,300,session,LOOK_AT,7.237492,58.25435,4.612478,POSITION,-1.419246,2.030484,0.2667902
70109104337000,0,300,session,LOOK_AT,7.259316,58.2214,4.594992,POSITION,-1.419698,2.030651,0.2668917
70109124325000,0,300,session,LOOK_AT,7.258681,58.25861,4.596962,POSITION,-1.419797,2.030746,0.2670816
70109146313000,0,300,session,LOOK_AT,7.251852,58.22846,4.589604,POSITION,-1.419862,2.030823,0.2671742
70109175297600,0,300,session,LOOK_AT,7.293216,58.25431,4.577848,POSITION,-1.419761,2.030321,0.2672184
70109191286800,0,300,session,LOOK_AT,7.33858,58.2949,4.592571,POSITION,-1.419832,2.029728,0.2675433
70109214275200,0,300,session,LOOK_AT,7.398827,58.32448,4.602134,POSITION,-1.41977,2.029617,0.268077
70109241258700,0,300,session,LOOK_AT,7.40585,58.32424,4.573344,POSITION,-1.419851,2.02921,0.2681567
70109283234400,0,300,session,LOOK_AT,7.43226,58.37578,4.560269,POSITION,-1.419527,2.029293,0.268101
70109300224800,0,300,session,LOOK_AT,7.420469,58.39944,4.590544,POSITION,-1.420201,2.029815,0.2680005
70109311218100,0,300,session,LOOK_AT,7.427546,58.42043,4.57227,POSITION,-1.419939,2.029454,0.2679116
70109330207300,0,300,session,LOOK_AT,7.434814,58.42026,4.558515,POSITION,-1.419796,2.029438,0.2679322
70109348197600,0,300,session,LOOK_AT,7.452961,58.42779,4.571619,POSITION,-1.419918,2.029297,0.2680926
70109376181300,0,300,session,LOOK_AT,7.450878,58.42771,4.573362,POSITION,-1.41999,2.029815,0.267897
70109391172300,0,300,session,LOOK_AT,7.482221,58.44537,4.572996,POSITION,-1.42044,2.02984,0.2685605
70109412160700,0,300,session,LOOK_AT,7.511188,58.46619,4.583917,POSITION,-1.421171,2.029444,0.2694513
70109432148900,0,300,session,LOOK_AT,7.562698,58.50325,4.585413,POSITION,-1.421703,2.029272,0.2697518
70109461132200,0,300,session,LOOK_AT,7.572996,58.52556,4.609879,POSITION,-1.42209,2.029058,0.2701986
70109504107700,0,300,session,LOOK_AT,7.578727,58.53008,4.592996,POSITION,-1.421684,2.029219,0.2698707
70109514102000,0,300,session,LOOK_AT,7.560913,58.52797,4.578451,POSITION,-1.422565,2.029067,0.2703864
70109528094000,0,300,session,LOOK_AT,7.594989,58.54181,4.588436,POSITION,-1.42303,2.028893,0.2709884
70109549082100,0,300,session,LOOK_AT,7.604333,58.54955,4.588427,POSITION,-1.422947,2.028893,0.2711346
70109580063900,0,300,session,LOOK_AT,7.602015,58.53069,4.578542,POSITION,-1.422906,2.028939,0.2710175
70109599053800,0,300,session,LOOK_AT,7.603526,58.54182,4.579313,POSITION,-1.423566,2.029083,0.2711805
70109624039300,0,300,session,LOOK_AT,7.612802,58.53376,4.554934,POSITION,-1.423326,2.029009,0.2711655
70109636033000,0,300,session,LOOK_AT,7.638383,58.54293,4.533727,POSITION,-1.423511,2.028851,0.2714253
70109666015000,0,300,session,LOOK_AT,7.657245,58.53581,4.524419,POSITION,-1.423372,2.028894,0.2715151
70109694998800,0,300,session,LOOK_AT,7.628835,58.55325,4.526732,POSITION,-1.423392,2.028804,0.2717771
70109710989400,0,300,session,LOOK_AT,7.671711,58.58821,4.555672,POSITION,-1.424065,2.028507,0.2717029
70109721983800,0,300,session,LOOK_AT,7.700584,58.59985,4.5625,POSITION,-1.424414,2.028322,0.2721371
70109754964200,0,300,session,LOOK_AT,7.730494,58.58945,4.547637,POSITION,-1.424647,2.028181,0.2725168
70109785948000,0,300,session,LOOK_AT,7.739261,58.6197,4.552669,POSITION,-1.424186,2.028226,0.2724498
70109800937800,0,300,session,LOOK_AT,7.771114,58.66081,4.58008,POSITION,-1.425306,2.028075,0.2734899
70109813930800,0,300,session,LOOK_AT,7.759354,58.65299,4.55531,POSITION,-1.425065,2.028118,0.2733236
70109830921500,0,300,session,LOOK_AT,7.249829,58.1892,4.334112,POSITION,-1.393325,2.0235,0.2584714
70109865901300,0,300,session,LOOK_AT,7.242788,58.17689,4.319605,POSITION,-1.390821,2.022605,0.2582391
70109902879400,0,300,session,LOOK_AT,7.231699,58.18338,4.315175,POSITION,-1.38832,2.021679,0.2580149
70109915871900,0,300,session,LOOK_AT,7.113338,58.23053,4.311857,POSITION,-1.39915,2.023326,0.2565235
70109927865600,0,300,session,LOOK_AT,6.82311,58.27148,4.455799,POSITION,-1.410696,2.029979,0.2570631
70109952851400,0,300,session,LOOK_AT,6.930454,58.25544,4.461515,POSITION,-1.41021,2.031215,0.2579547
70109988831300,0,300,session,LOOK_AT,6.864554,58.3124,4.605988,POSITION,-1.415189,2.032136,0.2609223
70110000823900,0,300,session,LOOK_AT,6.884464,58.32231,4.616298,POSITION,-1.41583,2.032741,0.260627
70110010817300,0,300,session,LOOK_AT,6.879697,58.36952,4.663691,POSITION,-1.417348,2.032591,0.2617957
70110032805300,0,300,session,LOOK_AT,6.977905,58.32195,4.680778,POSITION,-1.418008,2.032407,0.2640805
70110067785700,0,300,session,LOOK_AT,6.979834,58.3316,4.702229,POSITION,-1.418501,2.032788,0.2640807
70110100766400,0,300,session,LOOK_AT,6.987616,58.33395,4.708835,POSITION,-1.41985,2.032675,0.265018
70110115757400,0,300,session,LOOK_AT,7.057257,58.36757,4.718881,POSITION,-1.419349,2.031283,0.2665763
70110131748500,0,300,session,LOOK_AT,7.075145,58.40268,4.725017,POSITION,-1.419207,2.030664,0.2669962
70110156734300,0,300,session,LOOK_AT,7.097565,58.39768,4.717413,POSITION,-1.41983,2.029917,0.2672963
70110176722600,0,300,session,LOOK_AT,7.14438,58.42159,4.718884,POSITION,-1.420558,2.029893,0.2677305
70110219697800,0,300,session,LOOK_AT,7.145597,58.41348,4.719918,POSITION,-1.421464,2.029981,0.2682263
70110230691700,0,300,session,LOOK_AT,7.165592,58.41898,4.71817,POSITION,-1.421748,2.030151,0.2682484
70110245683200,0,300,session,LOOK_AT,7.215374,58.41567,4.677055,POSITION,-1.421579,2.029575,0.2686164
70110278664200,0,300,session,LOOK_AT,7.236578,58.41467,4.674543,POSITION,-1.421922,2.029632,0.2688264
70110304649300,0,300,session,LOOK_AT,7.227001,58.40522,4.674168,POSITION,-1.421958,2.029815,0.2687724
70110315642900,0,300,session,LOOK_AT,7.307341,58.45301,4.68047,POSITION,-1.422159,2.029083,0.2695258
70110328635300,0,300,session,LOOK_AT,7.333096,58.48862,4.692033,POSITION,-1.422466,2.028738,0.2701191
70110350623500,0,300,session,LOOK_AT,7.326472,58.51765,4.716704,POSITION,-1.423222,2.027838,0.2707395
70110373609700,0,300,session,LOOK_AT,7.355719,58.5335,4.717006,POSITION,-1.423044,2.028211,0.2707332
70110396596900,0,300,session,LOOK_AT,7.356031,58.54104,4.714203,POSITION,-1.423197,2.028135,0.2709654
70110414586600,0,300,session,LOOK_AT,7.376732,58.54847,4.70594,POSITION,-1.422352,2.028686,0.270103
70110431578200,0,300,session,LOOK_AT,7.41276,58.55198,4.689884,POSITION,-1.422198,2.028718,0.270183
70110455563600,0,300,session,LOOK_AT,7.388569,58.57798,4.687116,POSITION,-1.422228,2.028675,0.270386
70110490542800,0,300,session,LOOK_AT,7.404523,58.56828,4.679915,POSITION,-1.422281,2.028668,0.2705788
70110507532900,0,300,session,LOOK_AT,7.440794,58.60917,4.682736,POSITION,-1.423094,2.028469,0.2712132
70110520525900,0,300,session,LOOK_AT,7.438642,58.62272,4.678325,POSITION,-1.423303,2.028088,0.2717691
70110546511000,0,300,session,LOOK_AT,7.472542,58.62365,4.690393,POSITION,-1.424076,2.027901,0.2720339
70110580492400,0,300,session,LOOK_AT,7.477146,58.63165,4.702912,POSITION,-1.424159,2.027854,0.2722452
70110619468800,0,300,session,LOOK_AT,7.463736,58.62804,4.689872,POSITION,-1.424219,2.027761,0.2724698
70110632461000,0,300,session,LOOK_AT,7.474552,58.61752,4.658375,POSITION,-1.423497,2.028222,0.2715966
70110647453100,0,300,session,LOOK_AT,7.488652,58.64169,4.66848,POSITION,-1.423685,2.028589,0.2715804
70110685433000,0,300,session,LOOK_AT,7.483816,58.63487,4.652103,POSITION,-1.423729,2.028579,0.2716987
70110700422600,0,300,session,LOOK_AT,7.502784,58.64113,4.661926,POSITION,-1.423475,2.028757,0.2714116
70110711416400,0,300,session,LOOK_AT,7.510246,58.67911,4.665968,POSITION,-1.424048,2.028183,0.2718387
70110729406400,0,300,session,LOOK_AT,7.570167,58.67382,4.669092,POSITION,-1.424716,2.027933,0.2723858
70110748396300,0,300,session,LOOK_AT,7.601713,58.67325,4.666252,POSITION,-1.425463,2.027727,0.2730153
70110771383800,0,300,session,LOOK_AT,7.63167,58.69624,4.657192,POSITION,-1.425117,2.027825,0.2730117
70110795368600,0,300,session,LOOK_AT,7.644751,58.69979,4.641019,POSITION,-1.424858,2.027909,0.2730132
70110816356200,0,300,session,LOOK_AT,7.661311,58.70347,4.648571,POSITION,-1.424468,2.028096,0.2727237
70110834345900,0,300,session,LOOK_AT,7.66892,58.71159,4.633935,POSITION,-1.425234,2.027825,0.2730109
70110859331100,0,300,session,LOOK_AT,7.690445,58.71857,4.630653,POSITION,-1.42558,2.027935,0.2731726
70110878321300,0,300,session,LOOK_AT,7.679815,58.73917,4.626828,POSITION,-1.425505,2.027925,0.2732446
70110915300200,0,300,session,LOOK_AT,7.689152,58.71639,4.613531,POSITION,-1.425403,2.028168,0.2731873
70110946282300,0,300,session,LOOK_AT,7.700714,58.74877,4.625201,POSITION,-1.425625,2.027894,0.2736841
70110975264700,0,300,session,LOOK_AT,7.7474,58.74264,4.612938,POSITION,-1.426429,2.027562,0.2741143
70110991256400,0,300,session,LOOK_AT,7.765534,58.75846,4.618778,POSITION,-1.42721,2.027259,0.2747995
70111014243100,0,300,session,LOOK_AT,7.803219,58.75893,4.609791,POSITION,-1.427569,2.026954,0.275181
70111025237000,0,300,session,LOOK_AT,7.802201,58.76078,4.612138,POSITION,-1.427903,2.02701,0.2752927
70111043226900,0,300,session,LOOK_AT,7.840131,58.77598,4.611614,POSITION,-1.427837,2.027241,0.2755257
70111066213300,0,300,session,LOOK_AT,7.837008,58.76694,4.614359,POSITION,-1.427729,2.027239,0.2756332
70111091199200,0,300,session,LOOK_AT,7.831447,58.77762,4.59304,POSITION,-1.427607,2.027197,0.2758122
70111104191000,0,300,session,LOOK_AT,7.822478,58.81918,4.626097,POSITION,-1.428572,2.026877,0.2764623
70111122182100,0,300,session,LOOK_AT,7.84912,58.82756,4.624462,POSITION,-1.428488,2.026901,0.2766291
70111150165000,0,300,session,LOOK_AT,7.862216,58.81395,4.628702,POSITION,-1.429354,2.026478,0.2770924
70111176149800,0,300,session,LOOK_AT,7.862502,58.80864,4.608463,POSITION,-1.429051,2.026881,0.2766896
70111192140600,0,300,session,LOOK_AT,7.686981,58.01027,3.956686,POSITION,-1.394836,2.013284,0.2670267
70111213129600,0,300,session,LOOK_AT,7.496933,58.22246,4.102094,POSITION,-1.408925,2.019242,0.26801
70111230118900,0,300,session,LOOK_AT,7.176002,58.24756,4.225566,POSITION,-1.413544,2.023145,0.2648017
70111258103100,0,300,session,LOOK_AT,7.160239,58.23385,4.343232,POSITION,-1.417783,2.026349,0.2643537
70111291084400,0,300,session,LOOK_AT,7.152735,58.25349,4.412056,POSITION,-1.418368,2.028346,0.2648981
70111304076500,0,300,session,LOOK_AT,7.191431,58.29287,4.496253,POSITION,-1.42216,2.029893,0.2667477
70111324065100,0,300,session,LOOK_AT,7.175401,58.25545,4.483049,POSITION,-1.422473,2.030365,0.2662545
70111351050000,0,300,session,LOOK_AT,7.252213,58.38011,4.566745,POSITION,-1.4245,2.030485,0.2691029
70111376035600,0,300,session,LOOK_AT,7.308721,58.38269,4.580868,POSITION,-1.425329,2.03033,0.2703996
70111395024600,0,300,session,LOOK_AT,7.386232,58.4136,4.577908,POSITION,-1.425325,2.030179,0.2711698
70111410016100,0,300,session,LOOK_AT,7.350075,58.41959,4.604527,POSITION,-1.4266,2.029921,0.2722264
70111431004200,0,300,session,LOOK_AT,7.392734,58.46194,4.619528,POSITION,-1.426378,2.029096,0.2730995
70111460987400,0,300,session,LOOK_AT,7.392148,58.44362,4.615871,POSITION,-1.426676,2.029298,0.2732601
70111490970800,0,300,session,LOOK_AT,7.383879,58.45621,4.62329,POSITION,-1.426973,2.029523,0.2734903
70111502963300,0,300,session,LOOK_AT,7.441527,58.46432,4.618179,POSITION,-1.42688,2.027844,0.2736414
70111523950600,0,300,session,LOOK_AT,7.437035,58.47687,4.612854,POSITION,-1.427102,2.027898,0.2738686
70111545938600,0,300,session,LOOK_AT,7.486972,58.53279,4.623449,POSITION,-1.427019,2.027308,0.2744468
70111601905900,0,300,session,LOOK_AT,7.52788,58.52979,4.598394,POSITION,-1.426857,2.027346,0.2740934
70111620895500,0,300,session,LOOK_AT,7.519547,58.52935,4.596589,POSITION,-1.426924,2.02735,0.2742627
70111633888500,0,300,session,LOOK_AT,7.520369,58.52328,4.577825,POSITION,-1.427249,2.027157,0.2744116
70111648880300,0,300,session,LOOK_AT,7.53561,58.55761,4.599173,POSITION,-1.427331,2.027042,0.2746792
70111688856300,0,300,session,LOOK_AT,7.550068,58.56637,4.57632,POSITION,-1.427612,2.026848,0.2748819
70111703847200,0,300,session,LOOK_AT,7.578259,58.58511,4.573077,POSITION,-1.427869,2.026731,0.274967
70111715841200,0,300,session,LOOK_AT,7.584363,58.60109,4.583531,POSITION,-1.427611,2.026655,0.274843
70111728834200,0,300,session,LOOK_AT,7.60012,58.60664,4.561563,POSITION,-1.427659,2.026647,0.2749509
70111754819300,0,300,session,LOOK_AT,7.581316,58.61269,4.561737,POSITION,-1.427918,2.026777,0.2752039
70111786800400,0,300,session,LOOK_AT,7.605034,58.60384,4.559139,POSITION,-1.427581,2.026996,0.2747748
70111800792100,0,300,session,LOOK_AT,7.591583,58.60483,4.57502,POSITION,-1.427596,2.026996,0.2748167
70111818782400,0,300,session,LOOK_AT,7.609192,58.5785,4.573289,POSITION,-1.427717,2.026947,0.2749738
70111830775000,0,300,session,LOOK_AT,7.607961,58.61659,4.57361,POSITION,-1.427434,2.026865,0.2746997
70111869752800,0,300,session,LOOK_AT,7.662535,58.6283,4.570045,POSITION,-1.428198,2.026983,0.2749525
70111898736300,0,300,session,LOOK_AT,7.675522,58.64262,4.57669,POSITION,-1.428547,2.027239,0.2753394
70111911729900,0,300,session,LOOK_AT,7.701856,58.67361,4.57668,POSITION,-1.42855,2.027072,0.2758536
70111924721400,0,300,session,LOOK_AT,7.698085,58.66668,4.589099,POSITION,-1.428515,2.027093,0.2759181
70111953705300,0,300,session,LOOK_AT,7.724388,58.66896,4.596249,POSITION,-1.428954,2.026842,0.276255
70111981689200,0,300,session,LOOK_AT,7.745207,58.68093,4.580612,POSITION,-1.429221,2.026694,0.2762473
70112001677500,0,300,session,LOOK_AT,7.77306,58.70029,4.585532,POSITION,-1.429242,2.02674,0.2763477
70112025664300,0,300,session,LOOK_AT,7.753417,58.70073,4.588584,POSITION,-1.429082,2.026792,0.2761883
70112037656300,0,300,session,LOOK_AT,7.787911,58.69123,4.583993,POSITION,-1.429275,2.026226,0.2762653
70112063641400,0,300,session,LOOK_AT,7.774683,58.67977,4.571679,POSITION,-1.429477,2.026382,0.2765546
70112101619700,0,300,session,LOOK_AT,7.828013,58.71737,4.585144,POSITION,-1.429534,2.026339,0.2768751
70112111614200,0,300,session,LOOK_AT,7.824707,58.7089,4.574365,POSITION,-1.429356,2.026302,0.2770172
70112124607200,0,300,session,LOOK_AT,7.851943,58.724,4.573944,POSITION,-1.429422,2.02632,0.2770047
70112142596600,0,300,session,LOOK_AT,7.840147,58.7399,4.558377,POSITION,-1.429331,2.02631,0.2771053
70112181574700,0,300,session,LOOK_AT,7.871013,58.73803,4.579623,POSITION,-1.430184,2.02628,0.2771702
70112209558400,0,300,session,LOOK_AT,7.87112,58.74101,4.571955,POSITION,-1.430123,2.02628,0.2772185
70112229547300,0,300,session,LOOK_AT,7.869624,58.73698,4.577712,POSITION,-1.430154,2.026202,0.2774269
70112239540400,0,300,session,LOOK_AT,7.908073,58.73161,4.57858,POSITION,-1.430581,2.026295,0.2775764
70112257530900,0,300,session,LOOK_AT,7.927418,58.76463,4.558235,POSITION,-1.430559,2.026333,0.2777675
70112285515500,0,300,session,LOOK_AT,7.954234,58.77387,4.540191,POSITION,-1.430804,2.026181,0.2780139
70112308502200,0,300,session,LOOK_AT,7.953394,58.78908,4.570121,POSITION,-1.431031,2.026182,0.2783552
70112321494300,0,300,session,LOOK_AT,7.966008,58.78633,4.558768,POSITION,-1.431097,2.026134,0.2785035
70112369467400,0,300,session,LOOK_AT,7.976188,58.79389,4.568943,POSITION,-1.43159,2.026237,0.2788589
70112399449400,0,300,session,LOOK_AT,7.98561,58.81311,4.558836,POSITION,-1.43125,2.026213,0.2786307
70112416439800,0,300,session,LOOK_AT,7.994619,58.82592,4.545112,POSITION,-1.431178,2.02626,0.2787126
70112429432800,0,300,session,LOOK_AT,7.989009,58.82341,4.542563,POSITION,-1.430932,2.026321,0.2785076
70112438426900,0,300,session,LOOK_AT,8.031394,58.81128,4.565283,POSITION,-1.431817,2.02593,0.2789221
70112470408600,0,300,session,LOOK_AT,8.025487,58.81339,4.543907,POSITION,-1.432106,2.025794,0.279084
70112502390300,0,300,session,LOOK_AT,8.052562,58.82147,4.546621,POSITION,-1.432144,2.025773,0.2790723
70112519380700,0,300,session,LOOK_AT,8.050877,58.8232,4.552321,POSITION,-1.431977,2.025733,0.2792386
70112536370800,0,300,session,LOOK_AT,8.060719,58.82944,4.562624,POSITION,-1.432446,2.025878,0.2794591
70112554360800,0,300,session,LOOK_AT,8.072575,58.84585,4.544749,POSITION,-1.432619,2.026035,0.2795963
70112586342500,0,300,session,LOOK_AT,8.084774,58.85634,4.533348,POSITION,-1.432312,2.026109,0.2795175
70112616324700,0,300,session,LOOK_AT,8.086226,58.8606,4.553117,POSITION,-1.432172,2.026164,0.2795859
70112630316700,0,300,session,LOOK_AT,8.077888,58.83719,4.539159,POSITION,-1.432283,2.026005,0.2797337
70112641310800,0,300,session,LOOK_AT,8.087107,58.83388,4.531949,POSITION,-1.432176,2.02592,0.2795805
70112656304700,0,300,session,LOOK_AT,8.08455,58.85983,4.525897,POSITION,-1.432524,2.025914,0.2797138
70112687285600,0,300,session,LOOK_AT,8.093163,58.86336,4.535684,POSITION,-1.43266,2.025806,0.2798039
70112699278500,0,300,session,LOOK_AT,8.104686,58.86941,4.531665,POSITION,-1.432856,2.025604,0.2799712
70112719266500,0,300,session,LOOK_AT,8.096855,58.86381,4.52498,POSITION,-1.432632,2.025648,0.2799495
70112748249700,0,300,session,LOOK_AT,8.120028,58.86466,4.540588,POSITION,-1.432667,2.025567,0.280035
70113036084000,0,0,waiting,LOOK_AT,8.114058,58.8707,4.540986,POSITION,-1.432872,2.025541,0.2800264
70113086055900,0,0,waiting,LOOK_AT,8.220637,58.90109,4.532909,POSITION,-1.434621,2.025228,0.2814347
70113105045500,0,0,waiting,LOOK_AT,8.231946,58.93177,4.547698,POSITION,-1.434878,2.024938,0.2817925
70113129062000,0,0,waiting,LOOK_AT,8.256378,58.94051,4.541715,POSITION,-1.435502,2.024688,0.2824394
70113147052200,0,0,waiting,LOOK_AT,8.241751,58.93029,4.532058,POSITION,-1.435415,2.024637,0.2825485
70113160045200,0,0,waiting,LOOK_AT,8.236851,58.93304,4.530206,POSITION,-1.435328,2.02459,0.2826581
70113173036800,0,0,waiting,LOOK_AT,8.26665,58.91484,4.514471,POSITION,-1.43554,2.024814,0.2822527
70113185029900,0,0,waiting,LOOK_AT,8.258487,58.92886,4.511885,POSITION,-1.435701,2.024565,0.2824823
70113217011900,0,0,waiting,LOOK_AT,8.292899,58.92816,4.52062,POSITION,-1.435635,2.024574,0.282578
70113239998300,0,0,waiting,LOOK_AT,8.289072,58.92427,4.517819,POSITION,-1.435721,2.024523,0.2828021
70113252992100,0,0,waiting,LOOK_AT,8.304634,58.94278,4.497465,POSITION,-1.435943,2.024919,0.2827597
70113273979700,0,0,waiting,LOOK_AT,8.317069,58.94794,4.483797,POSITION,-1.436092,2.024869,0.2829587
70113296966400,0,0,waiting,LOOK_AT,8.293165,58.94538,4.502675,POSITION,-1.436212,2.024843,0.282886
70113318952900,0,0,waiting,LOOK_AT,8.309416,58.95655,4.492231,POSITION,-1.436164,2.024852,0.2830712
70113346936900,0,0,waiting,LOOK_AT,8.329391,58.9506,4.508475,POSITION,-1.436006,2.024914,0.2831303
70113362929100,0,0,waiting,LOOK_AT,8.326871,58.94475,4.49217,POSITION,-1.436295,2.024724,0.2830538
70113385915500,0,0,waiting,LOOK_AT,8.316895,58.94448,4.49407,POSITION,-1.436433,2.024747,0.2832557
70113416897400,0,0,waiting,LOOK_AT,8.340143,58.94539,4.501436,POSITION,-1.436525,2.024746,0.2835326
70113435886900,0,0,waiting,LOOK_AT,8.361002,58.95321,4.479586,POSITION,-1.43657,2.024805,0.2833855
70113454875900,0,0,waiting,LOOK_AT,8.343626,58.97367,4.500016,POSITION,-1.436445,2.0248,0.2834626
70113475865200,0,0,waiting,LOOK_AT,8.35305,58.96981,4.488019,POSITION,-1.437156,2.02453,0.2836863
70113496852100,0,0,waiting,LOOK_AT,8.365398,58.96455,4.479569,POSITION,-1.437031,2.024514,0.2837204
70113524835800,0,0,waiting,LOOK_AT,8.369627,58.97241,4.471367,POSITION,-1.436919,2.024531,0.2837443
70113543825100,0,0,waiting,LOOK_AT,8.376264,58.96827,4.476959,POSITION,-1.436765,2.024572,0.2837644
70113562814600,0,0,waiting,LOOK_AT,7.73316,57.88986,3.755112,POSITION,-1.400766,2.016946,0.2639808
70113585801600,0,0,waiting,LOOK_AT,7.64157,58.21258,4.06093,POSITION,-1.414268,2.020534,0.2678621
70113609788700,0,0,waiting,LOOK_AT,6.972367,57.59201,3.842078,POSITION,-1.386256,2.017818,0.2525026
70113633773600,0,0,waiting,LOOK_AT,6.750524,57.64029,3.924306,POSITION,-1.39964,2.02247,0.2540339
70113651763000,0,0,waiting,LOOK_AT,6.532093,57.74607,4.115037,POSITION,-1.405812,2.026749,0.2529921
70113674749700,0,0,waiting,LOOK_AT,6.453118,57.68227,4.224002,POSITION,-1.408819,2.030918,0.2521293
70113697736400,0,0,waiting,LOOK_AT,6.48058,57.74274,4.453279,POSITION,-1.415133,2.032265,0.2561093
70113718725000,0,0,waiting,LOOK_AT,6.466916,57.76152,4.509756,POSITION,-1.417812,2.032128,0.2572275
70113747707700,0,0,waiting,LOOK_AT,6.447299,57.75386,4.497897,POSITION,-1.418834,2.032819,0.256288
70113763698300,0,0,waiting,LOOK_AT,6.633645,57.84242,4.679476,POSITION,-1.420527,2.032291,0.2632568
70113783686800,0,0,waiting,LOOK_AT,6.707143,57.89815,4.682729,POSITION,-1.420903,2.032573,0.263858
70113807673400,0,0,waiting,LOOK_AT,6.695636,57.89972,4.676653,POSITION,-1.42186,2.033176,0.2637684
70113831661900,0,0,waiting,LOOK_AT,6.887225,57.88355,4.646992,POSITION,-1.421902,2.031153,0.2664673
70113852647800,0,0,waiting,LOOK_AT,6.930652,57.92238,4.689091,POSITION,-1.421647,2.0302,0.2672591
70113874635700,0,0,waiting,LOOK_AT,6.961401,57.93893,4.646576,POSITION,-1.421705,2.030234,0.267689
70113894624600,0,0,waiting,LOOK_AT,6.95772,57.94122,4.667037,POSITION,-1.422985,2.02969,0.2685861
70113924606000,0,0,waiting,LOOK_AT,6.974079,57.92572,4.671211,POSITION,-1.424183,2.029505,0.2692867
70113949592700,0,0,waiting,LOOK_AT,6.959786,57.92211,4.683765,POSITION,-1.424916,2.029587,0.269637
70113964584800,0,0,waiting,LOOK_AT,7.003072,57.99377,4.659017,POSITION,-1.424338,2.028677,0.2698621
70113985573800,0,0,waiting,LOOK_AT,7.102969,58.01201,4.658785,POSITION,-1.424802,2.028307,0.2704089
70114006559600,0,0,waiting,LOOK_AT,6.849859,57.49752,4.355022,POSITION,-1.394922,2.020869,0.2571356
70114033543700,0,0,waiting,LOOK_AT,6.600948,57.59479,4.481801,POSITION,-1.406542,2.024844,0.2578904
70114056531000,0,0,waiting,LOOK_AT,6.575541,57.69201,4.556176,POSITION,-1.410507,2.027655,0.257716
70114073521100,0,0,waiting,LOOK_AT,6.62606,57.72086,4.595265,POSITION,-1.413809,2.030771,0.2579855
70114095507900,0,0,waiting,LOOK_AT,6.674643,57.79067,4.659689,POSITION,-1.416086,2.032171,0.2597616
70114123492500,0,0,waiting,LOOK_AT,6.665946,57.81276,4.661872,POSITION,-1.417096,2.032679,0.2598341
70114156474000,0,0,waiting,LOOK_AT,6.647584,57.80567,4.691968,POSITION,-1.419096,2.032276,0.2611912
70114170465700,0,0,waiting,LOOK_AT,6.678896,57.78541,4.696419,POSITION,-1.418954,2.032748,0.2631806
70114185457600,0,0,waiting,LOOK_AT,6.73614,57.81618,4.730801,POSITION,-1.418454,2.031734,0.2640381
70114207445200,0,0,waiting,LOOK_AT,6.779902,57.85134,4.706444,POSITION,-1.418514,2.031399,0.2644834
70114230431100,0,0,waiting,LOOK_AT,6.76811,57.8507,4.724423,POSITION,-1.419086,2.03161,0.2646992
70114251423800,0,0,waiting,LOOK_AT,6.843957,57.89606,4.72823,POSITION,-1.419005,2.030582,0.265361
70114273406900,0,0,waiting,LOOK_AT,6.868553,57.87933,4.730953,POSITION,-1.419515,2.030726,0.2656056
70114297392600,0,0,waiting,LOOK_AT,6.904859,57.8801,4.714316,POSITION,-1.419854,2.029687,0.2661021
70114323377700,0,0,waiting,LOOK_AT,6.896909,57.87258,4.680971,POSITION,-1.420003,2.029828,0.266067
70114357358200,0,0,waiting,LOOK_AT,6.876983,57.88105,4.687438,POSITION,-1.420326,2.029913,0.2660263
70114367353100,0,0,waiting,LOOK_AT,6.919612,57.91304,4.656669,POSITION,-1.420243,2.030022,0.2660624
70114385343100,0,0,waiting,LOOK_AT,6.960558,57.96184,4.688402,POSITION,-1.419877,2.029645,0.2665245
70114396335800,0,0,waiting,LOOK_AT,6.968142,57.97075,4.692048,POSITION,-1.42016,2.02956,0.2666258
70114407331600,0,0,waiting,LOOK_AT,7.012409,58.04722,4.713364,POSITION,-1.420177,2.029523,0.2669279
70114437312700,0,0,waiting,LOOK_AT,7.006471,58.03598,4.706003,POSITION,-1.420344,2.029495,0.2670226
70114448307100,0,0,waiting,LOOK_AT,7.034502,58.03495,4.702205,POSITION,-1.421237,2.029198,0.267394
70114462299700,0,0,waiting,LOOK_AT,7.053312,58.02873,4.705235,POSITION,-1.421582,2.029191,0.267606
70114474291700,0,0,waiting,LOOK_AT,7.045997,58.02867,4.705224,POSITION,-1.421773,2.029164,0.2677093
70114486285100,0,0,waiting,LOOK_AT,7.038432,58.03411,4.702405,POSITION,-1.421981,2.029126,0.2678166
70114494281400,0,0,waiting,LOOK_AT,7.054582,58.01439,4.711201,POSITION,-1.421994,2.029261,0.2676848
70114503275200,0,0,waiting,LOOK_AT,7.095446,58.05721,4.708308,POSITION,-1.420939,2.028755,0.2683662
70114519266300,0,0,waiting,LOOK_AT,7.102404,58.07297,4.704158,POSITION,-1.421082,2.028731,0.2685122
70114552247000,0,0,waiting,LOOK_AT,7.10015,58.08136,4.713309,POSITION,-1.421203,2.028683,0.2686484
70114564240200,0,0,waiting,LOOK_AT,7.12216,58.08286,4.673445,POSITION,-1.421079,2.028903,0.2676117
70114573235100,0,0,waiting,LOOK_AT,7.122825,58.08112,4.665635,POSITION,-1.421084,2.028935,0.2675561
70114583229400,0,0,waiting,LOOK_AT,7.142816,58.08791,4.65858,POSITION,-1.421422,2.028881,0.267854
70114596222100,0,0,waiting,LOOK_AT,7.165601,58.12667,4.680993,POSITION,-1.420998,2.028417,0.2680203
70114607215400,0,0,waiting,LOOK_AT,7.154605,58.12176,4.672726,POSITION,-1.421081,2.028366,0.2680815
70114623206500,0,0,waiting,LOOK_AT,7.185764,58.14464,4.685358,POSITION,-1.421868,2.028831,0.2686409
70114642195200,0,0,waiting,LOOK_AT,7.199523,58.13458,4.696165,POSITION,-1.421951,2.028842,0.2687127
70114657186200,0,0,waiting,LOOK_AT,7.22565,58.20197,4.693236,POSITION,-1.42168,2.029144,0.2687227
70114670179800,0,0,waiting,LOOK_AT,7.266122,58.21165,4.669377,POSITION,-1.422026,2.029202,0.2687667
70114682173500,0,0,waiting,LOOK_AT,7.33492,58.21521,4.630283,POSITION,-1.422258,2.028838,0.2691559
70114691167300,0,0,waiting,LOOK_AT,7.331474,58.2061,4.629801,POSITION,-1.422277,2.028851,0.2691374
70114700162300,0,0,waiting,LOOK_AT,7.334984,58.20402,4.641596,POSITION,-1.422327,2.028858,0.2691795
70114707158400,0,0,waiting,LOOK_AT,7.337541,58.21688,4.657108,POSITION,-1.4224,2.028851,0.2692608
70114723149600,0,0,waiting,LOOK_AT,7.332663,58.20495,4.653721,POSITION,-1.422442,2.028826,0.2693117
70114748135100,0,0,waiting,LOOK_AT,7.380807,58.19487,4.64568,POSITION,-1.42262,2.028437,0.2695488
70114763126900,0,0,waiting,LOOK_AT,7.405003,58.22316,4.618376,POSITION,-1.422652,2.028988,0.2695909
70114772120500,0,0,waiting,LOOK_AT,7.423325,58.21455,4.605306,POSITION,-1.422268,2.029256,0.2692282
70114783114400,0,0,waiting,LOOK_AT,7.467934,58.23833,4.611311,POSITION,-1.422538,2.02877,0.2696211
70114809099200,0,0,waiting,LOOK_AT,7.507093,58.28674,4.646202,POSITION,-1.423132,2.028388,0.2703069
70114835085200,0,0,waiting,LOOK_AT,7.545215,58.2973,4.654753,POSITION,-1.423522,2.028225,0.2708279
70114854074400,0,0,waiting,LOOK_AT,7.534383,58.31814,4.662788,POSITION,-1.423525,2.028173,0.2709723
70114875061700,0,0,waiting,LOOK_AT,7.578963,58.34989,4.679173,POSITION,-1.424137,2.028006,0.2714595
70114896049800,0,0,waiting,LOOK_AT,7.589932,58.33814,4.66928,POSITION,-1.424051,2.028337,0.2712312
70114921036500,0,0,waiting,LOOK_AT,7.578472,58.37799,4.666978,POSITION,-1.423937,2.028167,0.2713553
70114948020900,0,0,waiting,LOOK_AT,7.596677,58.3672,4.665895,POSITION,-1.423896,2.028171,0.2714602
70114965010700,0,0,waiting,LOOK_AT,7.624314,58.38365,4.636171,POSITION,-1.423805,2.027948,0.2714416
70114983549500,0,0,waiting,LOOK_AT,6.976922,56.31921,3.1468,POSITION,-1.354329,2.007329,0.2396577
70115006537600,0,0,waiting,LOOK_AT,5.731791,55.45364,3.022019,POSITION,-1.351899,2.018326,0.2222509
70115029526300,0,0,waiting,LOOK_AT,5.12561,55.7476,3.749296,POSITION,-1.366581,2.030592,0.2184927
70115054511900,0,0,waiting,LOOK_AT,5.123283,55.75033,3.743744,POSITION,-1.365419,2.030508,0.2157052
70115082001500,0,0,waiting,LOOK_AT,4.927055,55.96941,4.170048,POSITION,-1.374268,2.039149,0.2136524
70115093993800,0,0,waiting,LOOK_AT,4.916565,56.12418,4.621838,POSITION,-1.383563,2.043223,0.2222162
70115120979900,0,0,waiting,LOOK_AT,4.904761,56.10231,4.614441,POSITION,-1.384632,2.044629,0.2202807
70115159956000,0,0,waiting,LOOK_AT,4.942302,56.20175,4.956434,POSITION,-1.393527,2.043924,0.2289547
70115191937400,0,0,waiting,LOOK_AT,5.176508,56.40532,5.078197,POSITION,-1.394632,2.043766,0.2358193
70115202932400,0,0,waiting,LOOK_AT,5.32169,56.426,4.997169,POSITION,-1.394793,2.044732,0.2371135
70115213925900,0,0,waiting,LOOK_AT,5.423347,56.54248,5.114657,POSITION,-1.394219,2.042112,0.2407218
70115240910300,0,0,waiting,LOOK_AT,5.463233,56.65296,5.19962,POSITION,-1.396019,2.040197,0.2422373
70115259898700,0,0,waiting,LOOK_AT,5.462881,56.6203,5.222157,POSITION,-1.397066,2.040703,0.2426397
70115273892400,0,0,waiting,LOOK_AT,5.435486,56.61232,5.204956,POSITION,-1.398181,2.041144,0.2430859
70115294878800,0,0,waiting,LOOK_AT,5.541326,56.72113,5.239766,POSITION,-1.399441,2.036641,0.2458687
70115322862800,0,0,waiting,LOOK_AT,5.610702,56.765,5.280285,POSITION,-1.400922,2.03488,0.2472243
70115358842200,0,0,waiting,LOOK_AT,5.611632,56.7511,5.274002,POSITION,-1.401643,2.034956,0.2474373
70115369837200,0,0,waiting,LOOK_AT,5.688003,56.8448,5.312937,POSITION,-1.403102,2.034118,0.2485321
70115384828200,0,0,waiting,LOOK_AT,5.892366,56.90274,5.217465,POSITION,-1.404384,2.033747,0.2504295
70115406814400,0,0,waiting,LOOK_AT,5.359975,56.19161,4.949169,POSITION,-1.378904,2.024505,0.240674
70115429801400,0,0,waiting,LOOK_AT,5.401611,56.25586,4.906403,POSITION,-1.385284,2.02638,0.2405156
70115458784700,0,0,waiting,LOOK_AT,5.40552,56.25438,4.909212,POSITION,-1.384916,2.025142,0.2407414
70115472777200,0,0,waiting,LOOK_AT,5.392259,56.25143,4.916968,POSITION,-1.384586,2.023855,0.2409474
70115494764000,0,0,waiting,LOOK_AT,5.326402,56.37365,4.972495,POSITION,-1.391407,2.033628,0.2380604
70115522750000,0,0,waiting,LOOK_AT,5.376688,56.41115,4.981134,POSITION,-1.393119,2.036262,0.2388287
70115548733400,0,0,waiting,LOOK_AT,5.3792,56.40838,4.979543,POSITION,-1.39406,2.036425,0.2388036
70115563725300,0,0,waiting,LOOK_AT,5.586013,56.54046,5.060215,POSITION,-1.397558,2.037758,0.2424555
70115585714400,0,0,waiting,LOOK_AT,5.577917,56.60338,5.098157,POSITION,-1.398059,2.037605,0.2429253
70115607700400,0,0,waiting,LOOK_AT,5.669598,56.77992,5.134537,POSITION,-1.399606,2.03742,0.2451623
70115632685300,0,0,waiting,LOOK_AT,5.70261,56.8731,5.185012,POSITION,-1.400492,2.036748,0.2467487
70115652675000,0,0,waiting,LOOK_AT,5.707528,56.8688,5.205845,POSITION,-1.401407,2.036976,0.2471866
70115674661300,0,0,waiting,LOOK_AT,5.697327,56.87465,5.217513,POSITION,-1.402317,2.037168,0.2476693
70115695649400,0,0,waiting,LOOK_AT,5.782158,56.92574,5.207093,POSITION,-1.401195,2.035304,0.2481504
70115723633700,0,0,waiting,LOOK_AT,5.445297,56.13481,4.650128,POSITION,-1.368215,2.027976,0.2328619
70115753616500,0,0,waiting,LOOK_AT,5.429612,56.13165,4.666842,POSITION,-1.367174,2.027317,0.2328144
70115770606300,0,0,waiting,LOOK_AT,5.436094,56.13316,4.664723,POSITION,-1.366137,2.026691,0.2327728
70115782054600,0,0,waiting,LOOK_AT,4.890442,55.62909,4.267251,POSITION,-1.340357,2.021274,0.213616
70115796047500,0,0,waiting,LOOK_AT,4.667836,55.87136,4.702271,POSITION,-1.372043,2.036924,0.2207105
