miércoles, 19 de enero de 2022
63034494979400,0,300,session,LOOK_AT,0,180,0,POSITION,-2,0,33,0
63034586926800,0,300,session,LOOK_AT,0,180,0,POSITION,-2,0,33,0
63034615909900,0,300,session,LOOK_AT,0,180,0,POSITION,-2,0,33,0
63034626904200,0,300,session,LOOK_AT,0,180,0,POSITION,-2,0,33,0
63034633900400,0,300,session,LOOK_AT,0,180,0,POSITION,-2,0,33,0
63034640896900,0,300,session,LOOK_AT,0,180,0,POSITION,-2,0,33,0
63034653889200,0,300,session,LOOK_AT,0,180,0,POSITION,-2,0,33,0
63034663882600,0,300,session,LOOK_AT,0,180,0,POSITION,-2,0,33,0
63034674875800,0,300,session,LOOK_AT,0,180,0,POSITION,-2,0,33,0
63034685871000,0,300,session,LOOK_AT,0,180,0,POSITION,-2,0,33,0
63034697863000,0,300,session,LOOK_AT,0,180,0,POSITION,-2,0,33,0
63034707858200,0,300,session,LOOK_AT,0,180,0,POSITION,-2,0,33,0
63034720851000,0,300,session,LOOK_AT,0,180,0,POSITION,-2,0,33,0
63034730845100,0,300,session,LOOK_AT,0,180,0,POSITION,-2,0,33,0
63034740838700,0,300,session,LOOK_AT,0,180,0,POSITION,-2,0,33,0
63034753832200,0,300,session,LOOK_AT,0,180,0,POSITION,-2,0,33,0
63034762826300,0,300,session,LOOK_AT,0,180,0,POSITION,-2,0,33,0
63034773819400,0,300,session,LOOK_AT,0,180,0,POSITION,-2,0,33,0
63034785812700,0,300,session,LOOK_AT,0,180,0,POSITION,-2,0,33,0
63034796806200,0,300,session,LOOK_AT,0,180,0,POSITION,-2,0,33,0
63034806579700,0,300,session,LOOK_AT,0,180,0,POSITION,-2,0,33,0
63034819572900,0,300,session,LOOK_AT,0,180,0,POSITION,-2,0,33,0
63034829566000,0,300,session,LOOK_AT,0,180,0,POSITION,-2,0,33,0
63034840559900,0,300,session,LOOK_AT,0,180,0,POSITION,-2,0,33,0
63034852554100,0,300,session,LOOK_AT,0,180,0,POSITION,-2,0,33,0
63034863546200,0,300,session,LOOK_AT,0,180,0,POSITION,-2,0,33,0
63034873542400,0,300,session,LOOK_AT,0,180,0,POSITION,-2,0,33,0
63034885533900,0,300,session,LOOK_AT,0,180,0,POSITION,-2,0,33,0
63034896528100,0,300,session,LOOK_AT,0,180,0,POSITION,-2,0,33,0
63034906523100,0,300,session,LOOK_AT,0,180,0,POSITION,-2,0,33,0
63034918516500,0,300,session,LOOK_AT,0,180,0,POSITION,-2,0,33,0
63034929508700,0,300,session,LOOK_AT,0,180,0,POSITION,-2,0,33,0
63034940502400,0,300,session,LOOK_AT,0,180,0,POSITION,-2,0,33,0
63034951497000,0,300,session,LOOK_AT,0,180,0,POSITION,-2,0,33,0
63034963489800,0,300,session,LOOK_AT,0,180,0,POSITION,-2,0,33,0
63034973484400,0,300,session,LOOK_AT,0,180,0,POSITION,-2,0,33,0
63034984477800,0,300,session,LOOK_AT,0,180,0,POSITION,-2,0,33,0
63034996471700,0,300,session,LOOK_AT,0,180,0,POSITION,-2,0,33,0
63035006464700,0,300,session,LOOK_AT,0,180,0,POSITION,-2,0,33,0
63035018459000,0,300,session,LOOK_AT,0,180,0,POSITION,-2,0,33,0
63035030451700,0,300,session,LOOK_AT,0,180,0,POSITION,-2,0,33,0
63035040446500,0,300,session,LOOK_AT,0,180,0,POSITION,-2,0,33,0
63035051439100,0,300,session,LOOK_AT,0,180,0,POSITION,-2,0,33,0
63035063432300,0,300,session,LOOK_AT,0,180,0,POSITION,-2,0,33,0
63035074426400,0,300,session,LOOK_AT,0,180,0,POSITION,-2,0,33,0
63035084420200,0,300,session,LOOK_AT,0,180,0,POSITION,-2,0,33,0
63035097412900,0,300,session,LOOK_AT,0,180,0,POSITION,-2,0,33,0
63035107407300,0,300,session,LOOK_AT,0,180,0,POSITION,-2,0,33,0
63035118401800,0,300,session,LOOK_AT,0,180,0,POSITION,-2,0,33,0
63035130395600,0,300,session,LOOK_AT,0,180,0,POSITION,-2,0,33,0
63035140388300,0,300,session,LOOK_AT,0,180,0,POSITION,-2,0,33,0
63035151382500,0,300,session,LOOK_AT,0,180,0,POSITION,-2,0,33,0
63035163375900,0,300,session,LOOK_AT,0,180,0,POSITION,-2,0,33,0
63035175368200,0,300,session,LOOK_AT,0,180,0,POSITION,-2,0,33,0
63035184363900,0,300,session,LOOK_AT,0,180,0,POSITION,-2,0,33,0
63035197357100,0,300,session,LOOK_AT,0,180,0,POSITION,-2,0,33,0
63035207349700,0,300,session,LOOK_AT,0,180,0,POSITION,-2,0,33,0
63035218344000,0,300,session,LOOK_AT,0,180,0,POSITION,-2,0,33,0
63035230338100,0,300,session,LOOK_AT,0,180,0,POSITION,-2,0,33,0
63035240331500,0,300,session,LOOK_AT,0,180,0,POSITION,-2,0,33,0
63035251326600,0,300,session,LOOK_AT,0,180,0,POSITION,-2,0,33,0
63035263318400,0,300,session,LOOK_AT,0,180,0,POSITION,-2,0,33,0
63035274311800,0,300,session,LOOK_AT,0,180,0,POSITION,-2,0,33,0
63035285305100,0,300,session,LOOK_AT,0,180,0,POSITION,-2,0,33,0
63035297299100,0,300,session,LOOK_AT,0,180,0,POSITION,-2,0,33,0
63035307293300,0,300,session,LOOK_AT,0,180,0,POSITION,-2,0,33,0
63035323283600,0,300,session,LOOK_AT,0,180,0,POSITION,-2,0,33,0
63035336278300,0,300,session,LOOK_AT,0,180,0,POSITION,-2,0,33,0
63035346270700,0,300,session,LOOK_AT,0,180,0,POSITION,-2,0,33,0
63035356265200,0,300,session,LOOK_AT,0,180,0,POSITION,-2,0,33,0
63035369257000,0,300,session,LOOK_AT,0,180,0,POSITION,-2,0,33,0
63035380252300,0,300,session,LOOK_AT,0,180,0,POSITION,-2,0,33,0
63035390245600,0,300,session,LOOK_AT,0,180,0,POSITION,-2,0,33,0
63035403238800,0,300,session,LOOK_AT,0,180,0,POSITION,-2,0,33,0
63035413233300,0,300,session,LOOK_AT,0,180,0,POSITION,-2,0,33,0
63035422227200,0,300,session,LOOK_AT,0,180,0,POSITION,-2,0,33,0
63035436219900,0,300,session,LOOK_AT,0,180,0,POSITION,-2,0,33,0
63035446214700,0,300,session,LOOK_AT,0,180,0,POSITION,-2,0,33,0
63035456207800,0,300,session,LOOK_AT,0,180,0,POSITION,-2,0,33,0
63035469201900,0,300,session,LOOK_AT,0,180,0,POSITION,-2,0,33,0
63035479195900,0,300,session,LOOK_AT,0,180,0,POSITION,-2,0,33,0
63035489189600,0,300,session,LOOK_AT,0,180,0,POSITION,-2,0,33,0
63035503181100,0,300,session,LOOK_AT,0,180,0,POSITION,-2,0,33,0
63035513176300,0,300,session,LOOK_AT,0,180,0,POSITION,-2,0,33,0
63035523169600,0,300,session,LOOK_AT,0,180,0,POSITION,-2,0,33,0
63035536162800,0,300,session,LOOK_AT,0,180,0,POSITION,-2,0,33,0
63035546157300,0,300,session,LOOK_AT,0,180,0,POSITION,-2,0,33,0
63035557150000,0,300,session,LOOK_AT,0,180,0,POSITION,-2,0,33,0
63035569144100,0,300,session,LOOK_AT,0,180,0,POSITION,-2,0,33,0
63035579137800,0,300,session,LOOK_AT,0,180,0,POSITION,-2,0,33,0
63035589131600,0,300,session,LOOK_AT,0,180,0,POSITION,-2,0,33,0
63035603124500,0,300,session,LOOK_AT,0,180,0,POSITION,-2,0,33,0
63035613117700,0,300,session,LOOK_AT,0,180,0,POSITION,-2,0,33,0
63035623618600,0,300,session,LOOK_AT,0,180,0,POSITION,-2,0,33,0
63035636612600,0,300,session,LOOK_AT,0,180,0,POSITION,-2,0,33,0
63035645606100,0,300,session,LOOK_AT,0,180,0,POSITION,-2,0,33,0
63035656599900,0,300,session,LOOK_AT,0,180,0,POSITION,-2,0,33,0
63035668593100,0,300,session,LOOK_AT,0,180,0,POSITION,-2,0,33,0
63035679586600,0,300,session,LOOK_AT,0,180,0,POSITION,-2,0,33,0
63035690580600,0,300,session,LOOK_AT,0,180,0,POSITION,-2,0,33,0
63035701573800,0,300,session,LOOK_AT,0,180,0,POSITION,-2,0,33,0
63035713567300,0,300,session,LOOK_AT,0,180,0,POSITION,-2,0,33,0
63035722561900,0,300,session,LOOK_AT,0,180,0,POSITION,-2,0,33,0
63035735554300,0,300,session,LOOK_AT,0,180,0,POSITION,-2,0,33,0
63035746548500,0,300,session,LOOK_AT,0,180,0,POSITION,-2,0,33,0
63035756542400,0,300,session,LOOK_AT,0,180,0,POSITION,-2,0,33,0
63035768536300,0,300,session,LOOK_AT,0,180,0,POSITION,-2,0,33,0
63035780529000,0,300,session,LOOK_AT,0,180,0,POSITION,-2,0,33,0
63035790522900,0,300,session,LOOK_AT,0,180,0,POSITION,-2,0,33,0
63035801517000,0,300,session,LOOK_AT,0,180,0,POSITION,-2,0,33,0
63035812511000,0,300,session,LOOK_AT,0,180,0,POSITION,-2,0,33,0
63035823503700,0,300,session,LOOK_AT,0,180,0,POSITION,-2,0,33,0
63035835497100,0,300,session,LOOK_AT,0,180,0,POSITION,-2,0,33,0
63035846492000,0,300,session,LOOK_AT,0,180,0,POSITION,-2,0,33,0
63035856485700,0,300,session,LOOK_AT,0,180,0,POSITION,-2,0,33,0
63035868478300,0,300,session,LOOK_AT,0,180,0,POSITION,-2,0,33,0
63035880471900,0,300,session,LOOK_AT,0,180,0,POSITION,-2,0,33,0
63035890465700,0,300,session,LOOK_AT,0,180,0,POSITION,-2,0,33,0
63035901459600,0,300,session,LOOK_AT,0,180,0,POSITION,-2,0,33,0
63035913453300,0,300,session,LOOK_AT,0,180,0,POSITION,-2,0,33,0
63035922447800,0,300,session,LOOK_AT,0,180,0,POSITION,-2,0,33,0
63035934441300,0,300,session,LOOK_AT,0,180,0,POSITION,-2,0,33,0
63035945435000,0,300,session,LOOK_AT,0,180,0,POSITION,-2,0,33,0
63035956428400,0,300,session,LOOK_AT,0,180,0,POSITION,-2,0,33,0
63035967421900,0,300,session,LOOK_AT,0,180,0,POSITION,-2,0,33,0
63035978416000,0,300,session,LOOK_AT,0,180,0,POSITION,-2,0,33,0
63035990408700,0,300,session,LOOK_AT,0,180,0,POSITION,-2,0,33,0
63036001403300,0,300,session,LOOK_AT,0,180,0,POSITION,-2,0,33,0
63036013396100,0,300,session,LOOK_AT,0,180,0,POSITION,-2,0,33,0
63036023389500,0,300,session,LOOK_AT,0,180,0,POSITION,-2,0,33,0
63036034383500,0,300,session,LOOK_AT,0,180,0,POSITION,-2,0,33,0
63036046378700,0,300,session,LOOK_AT,0,180,0,POSITION,-2,0,33,0
63036056371500,0,300,session,LOOK_AT,0,180,0,POSITION,-2,0,33,0
63036067364300,0,300,session,LOOK_AT,0,180,0,POSITION,-2,0,33,0
63036079359700,0,300,session,LOOK_AT,0,180,0,POSITION,-2,0,33,0
63036089352500,0,300,session,LOOK_AT,0,180,0,POSITION,-2,0,33,0
63036101345700,0,300,session,LOOK_AT,0,180,0,POSITION,-2,0,33,0
63036112340900,0,300,session,LOOK_AT,0,180,0,POSITION,-2,0,33,0
63036123333000,0,300,session,LOOK_AT,0,180,0,POSITION,-2,0,33,0
63036134326400,0,300,session,LOOK_AT,0,180,0,POSITION,-2,0,33,0
63036146323900,0,300,session,LOOK_AT,0,180,0,POSITION,-2,0,33,0
63036156314600,0,300,session,LOOK_AT,0,180,0,POSITION,-2,0,33,0
63036167308500,0,300,session,LOOK_AT,0,180,0,POSITION,-2,0,33,0
63036180301000,0,300,session,LOOK_AT,0,180,0,POSITION,-2,0,33,0
63036190294200,0,300,session,LOOK_AT,0,180,0,POSITION,-2,0,33,0
63036201287900,0,300,session,LOOK_AT,0,180,0,POSITION,-2,0,33,0
63036213282300,0,300,session,LOOK_AT,0,180,0,POSITION,-2,0,33,0
63036223275900,0,300,session,LOOK_AT,0,180,0,POSITION,-2,0,33,0
63036234269100,0,300,session,LOOK_AT,0,180,0,POSITION,-2,0,33,0
63036304229700,0,300,session,LOOK_AT,0,180,0,POSITION,-2,0,33,0
63036340209100,0,300,session,LOOK_AT,0,180,0,POSITION,-2,0,33,0
63036351203400,0,300,session,LOOK_AT,0,180,0,POSITION,-2,0,33,0
63036360196900,0,300,session,LOOK_AT,0,180,0,POSITION,-2,0,33,0
63036367193600,0,300,session,LOOK_AT,0,180,0,POSITION,-2,0,33,0
63036375189700,0,300,session,LOOK_AT,0,180,0,POSITION,-2,0,33,0
63036384183900,0,300,session,LOOK_AT,0,180,0,POSITION,-2,0,33,0
63036396177700,0,300,session,LOOK_AT,0,180,0,POSITION,-2,0,33,0
63036406173700,0,300,session,LOOK_AT,0,180,0,POSITION,-2,0,33,0
63036418165700,0,300,session,LOOK_AT,0,180,0,POSITION,-2,0,33,0
63036428159100,0,300,session,LOOK_AT,0,180,0,POSITION,-2,0,33,0
63036439152100,0,300,session,LOOK_AT,0,180,0,POSITION,-2,0,33,0
63036451145700,0,300,session,LOOK_AT,0,180,0,POSITION,-2,0,33,0
63036462141100,0,300,session,LOOK_AT,0,180,0,POSITION,-2,0,33,0
63036473133100,0,300,session,LOOK_AT,0,180,0,POSITION,-2,0,33,0
63036485126400,0,300,session,LOOK_AT,0,180,0,POSITION,-2,0,33,0
63036495120000,0,300,session,LOOK_AT,0,180,0,POSITION,-2,0,33,0
63036506114200,0,300,session,LOOK_AT,0,180,0,POSITION,-2,0,33,0
63036519107400,0,300,session,LOOK_AT,0,180,0,POSITION,-2,0,33,0
63036529101900,0,300,session,LOOK_AT,0,180,0,POSITION,-2,0,33,0
63036540094000,0,300,session,LOOK_AT,0,180,0,POSITION,-2,0,33,0
63036551088500,0,300,session,LOOK_AT,0,180,0,POSITION,-2,0,33,0
63036562082200,0,300,session,LOOK_AT,0,180,0,POSITION,-2,0,33,0
63036573076500,0,300,session,LOOK_AT,0,180,0,POSITION,-2,0,33,0
63036584070000,0,300,session,LOOK_AT,0,180,0,POSITION,-2,0,33,0
63036595063000,0,300,session,LOOK_AT,0,180,0,POSITION,-2,0,33,0
63036606057200,0,300,session,LOOK_AT,0,180,0,POSITION,-2,0,33,0
63036618050000,0,300,session,LOOK_AT,0,180,0,POSITION,-2,0,33,0
63036629043700,0,300,session,LOOK_AT,0,180,0,POSITION,-2,0,33,0
63036640037200,0,300,session,LOOK_AT,0,180,0,POSITION,-2,0,33,0
63036650031600,0,300,session,LOOK_AT,0,180,0,POSITION,-2,0,33,0
63036662024500,0,300,session,LOOK_AT,0,180,0,POSITION,-2,0,33,0
63036673019500,0,300,session,LOOK_AT,0,180,0,POSITION,-2,0,33,0
63036684013000,0,300,session,LOOK_AT,0,180,0,POSITION,-2,0,33,0
63036696004900,0,300,session,LOOK_AT,0,180,0,POSITION,-2,0,33,0
63036706001200,0,300,session,LOOK_AT,0,180,0,POSITION,-2,0,33,0
63036717992600,0,300,session,LOOK_AT,0,180,0,POSITION,-2,0,33,0
63036729986200,0,300,session,LOOK_AT,0,180,0,POSITION,-2,0,33,0
63036738982100,0,300,session,LOOK_AT,0,180,0,POSITION,-2,0,33,0
63036750973800,0,300,session,LOOK_AT,0,180,0,POSITION,-2,0,33,0
63036761967400,0,300,session,LOOK_AT,0,180,0,POSITION,-2,0,33,0
63036773960600,0,300,session,LOOK_AT,0,180,0,POSITION,-2,0,33,0
63036783954900,0,300,session,LOOK_AT,0,180,0,POSITION,-2,0,33,0
63036794950600,0,300,session,LOOK_AT,0,180,0,POSITION,-2,0,33,0
63036806941800,0,300,session,LOOK_AT,0,180,0,POSITION,-2,0,33,0
63036817935200,0,300,session,LOOK_AT,0,180,0,POSITION,-2,0,33,0
63036828930200,0,300,session,LOOK_AT,0,180,0,POSITION,-2,0,33,0
63036839923500,0,300,session,LOOK_AT,0,180,0,POSITION,-2,0,33,0
63036849917600,0,300,session,LOOK_AT,0,180,0,POSITION,-2,0,33,0
63036862910400,0,300,session,LOOK_AT,0,180,0,POSITION,-2,0,33,0
63036872904500,0,300,session,LOOK_AT,0,180,0,POSITION,-2,0,33,0
63036883898700,0,300,session,LOOK_AT,0,180,0,POSITION,-2,0,33,0
63036894892800,0,300,session,LOOK_AT,0,180,0,POSITION,-2,0,33,0
63036906884800,0,300,session,LOOK_AT,0,180,0,POSITION,-2,0,33,0
63036916879400,0,300,session,LOOK_AT,0,180,0,POSITION,-2,0,33,0
63036929871200,0,300,session,LOOK_AT,0,180,0,POSITION,-2,0,33,0
63036940865100,0,300,session,LOOK_AT,0,180,0,POSITION,-2,0,33,0
63036949860100,0,300,session,LOOK_AT,0,180,0,POSITION,-2,0,33,0
63036962852600,0,300,session,LOOK_AT,0,180,0,POSITION,-2,0,33,0
63036973846400,0,300,session,LOOK_AT,0,180,0,POSITION,-2,0,33,0
63036983840200,0,300,session,LOOK_AT,0,180,0,POSITION,-2,0,33,0
63036994834300,0,300,session,LOOK_AT,0,180,0,POSITION,-2,0,33,0
63037005828100,0,300,session,LOOK_AT,0,180,0,POSITION,-2,0,33,0
63037017820800,0,300,session,LOOK_AT,0,180,0,POSITION,-2,0,33,0
63037032812700,0,300,session,LOOK_AT,0,180,0,POSITION,-2,0,33,0
63037042807700,0,300,session,LOOK_AT,0,180,0,POSITION,-2,0,33,0
63037055800000,0,300,session,LOOK_AT,0,180,0,POSITION,-2,0,33,0
63037067793000,0,300,session,LOOK_AT,0,180,0,POSITION,-2,0,33,0
63037077786800,0,300,session,LOOK_AT,0,180,0,POSITION,-2,0,33,0
63037089780400,0,300,session,LOOK_AT,0,180,0,POSITION,-2,0,33,0
63037101773500,0,300,session,LOOK_AT,0,180,0,POSITION,-2,0,33,0
63037110768300,0,300,session,LOOK_AT,0,180,0,POSITION,-2,0,33,0
63037122760800,0,300,session,LOOK_AT,0,180,0,POSITION,-2,0,33,0
63037135461300,0,300,session,LOOK_AT,0,180,0,POSITION,-2,0,33,0
63037145455900,0,300,session,LOOK_AT,0,180,0,POSITION,-2,0,33,0
63037155449600,0,300,session,LOOK_AT,0,180,0,POSITION,-2,0,33,0
63037168442300,0,300,session,LOOK_AT,0,180,0,POSITION,-2,0,33,0
63037180436200,0,300,session,LOOK_AT,0,180,0,POSITION,-2,0,33,0
63037189430500,0,300,session,LOOK_AT,0,180,0,POSITION,-2,0,33,0
63037200424700,0,300,session,LOOK_AT,0,180,0,POSITION,-2,0,33,0
63037211417600,0,300,session,LOOK_AT,0,180,0,POSITION,-2,0,33,0
63037221412000,0,300,session,LOOK_AT,0,180,0,POSITION,-2,0,33,0
63037233405500,0,300,session,LOOK_AT,0,180,0,POSITION,-2,0,33,0
63037244398700,0,300,session,LOOK_AT,0,180,0,POSITION,-2,0,33,0
63037255392700,0,300,session,LOOK_AT,0,180,0,POSITION,-2,0,33,0
63037265386900,0,300,session,LOOK_AT,0,180,0,POSITION,-2,0,33,0
63037277379800,0,300,session,LOOK_AT,0,180,0,POSITION,-2,0,33,0
63037289373000,0,300,session,LOOK_AT,0,180,0,POSITION,-2,0,33,0
63037299367700,0,300,session,LOOK_AT,0,180,0,POSITION,-2,0,33,0
63037311360300,0,300,session,LOOK_AT,0,180,0,POSITION,-2,0,33,0
63037322354300,0,300,session,LOOK_AT,0,180,0,POSITION,-2,0,33,0
63037333347600,0,300,session,LOOK_AT,0,180,0,POSITION,-2,0,33,0
63037344342000,0,300,session,LOOK_AT,0,180,0,POSITION,-2,0,33,0
63037355336300,0,300,session,LOOK_AT,0,180,0,POSITION,-2,0,33,0
63037365330200,0,300,session,LOOK_AT,0,180,0,POSITION,-2,0,33,0
63037379322400,0,300,session,LOOK_AT,0,180,0,POSITION,-2,0,33,0
63037389315900,0,300,session,LOOK_AT,0,180,0,POSITION,-2,0,33,0
63037399310300,0,300,session,LOOK_AT,0,180,0,POSITION,-2,0,33,0
63037411304100,0,300,session,LOOK_AT,0,180,0,POSITION,-2,0,33,0
63037422297300,0,300,session,LOOK_AT,0,180,0,POSITION,-2,0,33,0
63037432290900,0,300,session,LOOK_AT,0,180,0,POSITION,-2,0,33,0
63037444285000,0,300,session,LOOK_AT,0,180,0,POSITION,-2,0,33,0
63037455278100,0,300,session,LOOK_AT,0,180,0,POSITION,-2,0,33,0
63037465273800,0,300,session,LOOK_AT,0,180,0,POSITION,-2,0,33,0
63037478265600,0,300,session,LOOK_AT,0,180,0,POSITION,-2,0,33,0
63037488259500,0,300,session,LOOK_AT,0,180,0,POSITION,-2,0,33,0
63037499253200,0,300,session,LOOK_AT,0,180,0,POSITION,-2,0,33,0
63037511248100,0,300,session,LOOK_AT,0,180,0,POSITION,-2,0,33,0
63037522240100,0,300,session,LOOK_AT,0,180,0,POSITION,-2,0,33,0
63037532235100,0,300,session,LOOK_AT,0,180,0,POSITION,-2,0,33,0
63037544227400,0,300,session,LOOK_AT,0,180,0,POSITION,-2,0,33,0
63037556221500,0,300,session,LOOK_AT,0,180,0,POSITION,-2,0,33,0
63037565216300,0,300,session,LOOK_AT,0,180,0,POSITION,-2,0,33,0
63037578208200,0,300,session,LOOK_AT,0,180,0,POSITION,-2,0,33,0
63037588203000,0,300,session,LOOK_AT,0,180,0,POSITION,-2,0,33,0
63037599195700,0,300,session,LOOK_AT,0,180,0,POSITION,-2,0,33,0
63037613188300,0,300,session,LOOK_AT,0,180,0,POSITION,-2,0,33,0
63037622183700,0,300,session,LOOK_AT,0,180,0,POSITION,-2,0,33,0
63037633176700,0,300,session,LOOK_AT,0,180,0,POSITION,-2,0,33,0
63037645170600,0,300,session,LOOK_AT,0,180,0,POSITION,-2,0,33,0
63037656165600,0,300,session,LOOK_AT,0,180,0,POSITION,-2,0,33,0
63037666157700,0,300,session,LOOK_AT,0,180,0,POSITION,-2,0,33,0
63037679151800,0,300,session,LOOK_AT,0,180,0,POSITION,-2,0,33,0
63037689146200,0,300,session,LOOK_AT,0,180,0,POSITION,-2,0,33,0
63037700139300,0,300,session,LOOK_AT,0,180,0,POSITION,-2,0,33,0
63037712132800,0,300,session,LOOK_AT,0,180,0,POSITION,-2,0,33,0
63037723125700,0,300,session,LOOK_AT,0,180,0,POSITION,-2,0,33,0
63037733119200,0,300,session,LOOK_AT,0,180,0,POSITION,-2,0,33,0
63037745113600,0,300,session,LOOK_AT,0,180,0,POSITION,-2,0,33,0
63037755107300,0,300,session,LOOK_AT,0,180,0,POSITION,-2,0,33,0
63037766102000,0,300,session,LOOK_AT,0,180,0,POSITION,-2,0,33,0
63037779094200,0,300,session,LOOK_AT,0,180,0,POSITION,-2,0,33,0
63037789088200,0,300,session,LOOK_AT,0,180,0,POSITION,-2,0,33,0
63037800082400,0,300,session,LOOK_AT,0,180,0,POSITION,-2,0,33,0
63037812074900,0,300,session,LOOK_AT,0,180,0,POSITION,-2,0,33,0
63037822069200,0,300,session,LOOK_AT,0,180,0,POSITION,-2,0,33,0
63037833065000,0,300,session,LOOK_AT,0,180,0,POSITION,-2,0,33,0
63037844056700,0,300,session,LOOK_AT,0,180,0,POSITION,-2,0,33,0
63037857049800,0,300,session,LOOK_AT,0,180,0,POSITION,-2,0,33,0
63037867043500,0,300,session,LOOK_AT,0,180,0,POSITION,-2,0,33,0
63037878036400,0,300,session,LOOK_AT,0,180,0,POSITION,-2,0,33,0
63037890029900,0,300,session,LOOK_AT,0,180,0,POSITION,-2,0,33,0
63037900025000,0,300,session,LOOK_AT,0,180,0,POSITION,-2,0,33,0
63037910018000,0,300,session,LOOK_AT,0,180,0,POSITION,-2,0,33,0
63037923011100,0,300,session,LOOK_AT,0,180,0,POSITION,-2,0,33,0
63037935003600,0,300,session,LOOK_AT,0,180,0,POSITION,-2,0,33,0
63037944998500,0,300,session,LOOK_AT,0,180,0,POSITION,-2,0,33,0
63037958990600,0,300,session,LOOK_AT,0,180,0,POSITION,-2,0,33,0
63037968983800,0,300,session,LOOK_AT,0,180,0,POSITION,-2,0,33,0
63037977979500,0,300,session,LOOK_AT,0,180,0,POSITION,-2,0,33,0
63037990971500,0,300,session,LOOK_AT,0,180,0,POSITION,-2,0,33,0
63038001966000,0,300,session,LOOK_AT,0,180,0,POSITION,-2,0,33,0
63038010961100,0,300,session,LOOK_AT,0,180,0,POSITION,-2,0,33,0
63038024953000,0,300,session,LOOK_AT,0,180,0,POSITION,-2,0,33,0
63038034946900,0,300,session,LOOK_AT,0,180,0,POSITION,-2,0,33,0
63038043941600,0,300,session,LOOK_AT,0,180,0,POSITION,-2,0,33,0
63038058933100,0,300,session,LOOK_AT,0,180,0,POSITION,-2,0,33,0
63038067927800,0,300,session,LOOK_AT,0,180,0,POSITION,-2,0,33,0
63038077922600,0,300,session,LOOK_AT,0,180,0,POSITION,-2,0,33,0
63038092914100,0,300,session,LOOK_AT,0,180,0,POSITION,-2,0,33,0
63038103907500,0,300,session,LOOK_AT,0,180,0,POSITION,-2,0,33,0
63038112902100,0,300,session,LOOK_AT,0,180,0,POSITION,-2,0,33,0
63038123898700,0,300,session,LOOK_AT,0,180,0,POSITION,-2,0,33,0
63038133890800,0,300,session,LOOK_AT,0,180,0,POSITION,-2,0,33,0
63038142885100,0,300,session,LOOK_AT,0,180,0,POSITION,-2,0,33,0
63038155878000,0,300,session,LOOK_AT,0,180,0,POSITION,-2,0,33,0
63038166871400,0,300,session,LOOK_AT,0,180,0,POSITION,-2,0,33,0
63038179864800,0,300,session,LOOK_AT,0,180,0,POSITION,-2,0,33,0
63038190858100,0,300,session,LOOK_AT,0,180,0,POSITION,-2,0,33,0
63038199854000,0,300,session,LOOK_AT,0,180,0,POSITION,-2,0,33,0
63038211846700,0,300,session,LOOK_AT,0,180,0,POSITION,-2,0,33,0
63038221839700,0,300,session,LOOK_AT,0,180,0,POSITION,-2,0,33,0
63038232833500,0,300,session,LOOK_AT,0,180,0,POSITION,-2,0,33,0
63038245825800,0,300,session,LOOK_AT,0,180,0,POSITION,-2,0,33,0
63038254821600,0,300,session,LOOK_AT,0,180,0,POSITION,-2,0,33,0
63038265814700,0,300,session,LOOK_AT,0,180,0,POSITION,-2,0,33,0
63038276808800,0,300,session,LOOK_AT,0,180,0,POSITION,-2,0,33,0
63038287801800,0,300,session,LOOK_AT,0,180,0,POSITION,-2,0,33,0
63038300794800,0,300,session,LOOK_AT,0,180,0,POSITION,-2,0,33,0
63038309790900,0,300,session,LOOK_AT,0,180,0,POSITION,-2,0,33,0
63038321782700,0,300,session,LOOK_AT,0,180,0,POSITION,-2,0,33,0
63038333777000,0,300,session,LOOK_AT,0,180,0,POSITION,-2,0,33,0
63038438721400,0,300,session,LOOK_AT,0,180,0,POSITION,-2,0,33,0
63038673529500,0,300,session,LOOK_AT,0,180,0,POSITION,-2,0,33,0
63038695517100,0,300,session,LOOK_AT,0,180,0,POSITION,-2,0,33,0
63038708510800,0,300,session,LOOK_AT,0,180,0,POSITION,-2,0,33,0
63038721505000,0,300,session,LOOK_AT,0,180,0,POSITION,-2,0,33,0
63038730483300,0,300,session,LOOK_AT,0,180,0,POSITION,-2,0,33,0
63038741493600,0,300,session,LOOK_AT,0,180,0,POSITION,-2,0,33,0
63038752473300,0,300,session,LOOK_AT,0,180,0,POSITION,-2,0,33,0
63038760465600,0,300,session,LOOK_AT,0,180,0,POSITION,-2,0,33,0
63038770460300,0,300,session,LOOK_AT,0,180,0,POSITION,-2,0,33,0
63038781453900,0,300,session,LOOK_AT,0,180,0,POSITION,-2,0,33,0
63038794446500,0,300,session,LOOK_AT,0,180,0,POSITION,-2,0,33,0
63038816433900,0,300,session,LOOK_AT,0,180,0,POSITION,-2,0,33,0
63038839460200,0,300,session,LOOK_AT,0,180,0,POSITION,-2,0,33,0
63038860448000,0,300,session,LOOK_AT,0,180,0,POSITION,-2,0,33,0
63038884434900,0,300,session,LOOK_AT,0,180,0,POSITION,-2,0,33,0
63038908421000,0,300,session,LOOK_AT,0,180,0,POSITION,-2,0,33,0
63038929465200,0,300,session,LOOK_AT,0,180,0,POSITION,-2,0,33,0
63038952455300,0,300,session,LOOK_AT,0,180,0,POSITION,-2,0,33,0
63038974441900,0,300,session,LOOK_AT,0,180,0,POSITION,-2,0,33,0
63038997444800,0,300,session,LOOK_AT,0,180,0,POSITION,-2,0,33,0
63039018415100,0,300,session,LOOK_AT,0,180,0,POSITION,-2,0,33,0
63039041917500,0,300,session,LOOK_AT,0,180,0,POSITION,-2,0,33,0
63039062913100,0,300,session,LOOK_AT,0,180,0,POSITION,-2,0,33,0
63039087891200,0,300,session,LOOK_AT,0,180,0,POSITION,-2,0,33,0
63039112876800,0,300,session,LOOK_AT,0,180,0,POSITION,-2,0,33,0
63039127869000,0,300,session,LOOK_AT,0,180,0,POSITION,-2,0,33,0
63039150983800,0,300,session,LOOK_AT,0,180,0,POSITION,-2,0,33,0
63039172971200,0,300,session,LOOK_AT,0,180,0,POSITION,-2,0,33,0
63039193959300,0,300,session,LOOK_AT,0,180,0,POSITION,-2,0,33,0
63039217945600,0,300,session,LOOK_AT,0,180,0,POSITION,-2,0,33,0
63039238933200,0,300,session,LOOK_AT,0,180,0,POSITION,-2,0,33,0
63039260921000,0,300,session,LOOK_AT,0,180,0,POSITION,-2,0,33,0
63039283908700,0,300,session,LOOK_AT,0,180,0,POSITION,-2,0,33,0
63039293901900,0,300,session,LOOK_AT,0,180,0,POSITION,-2,0,33,0
63039305895200,0,300,session,LOOK_AT,0,180,0,POSITION,-2,0,33,0
63039316899900,0,300,session,LOOK_AT,0,180,0,POSITION,-2,0,33,0
63039327882700,0,300,session,LOOK_AT,0,180,0,POSITION,-2,0,33,0
63039339876600,0,300,session,LOOK_AT,0,180,0,POSITION,-2,0,33,0
63039349875900,0,300,session,LOOK_AT,0,180,0,POSITION,-2,0,33,0
63039361863100,0,300,session,LOOK_AT,0,180,0,POSITION,-2,0,33,0
63039371857600,0,300,session,LOOK_AT,0,180,0,POSITION,-2,0,33,0
63039383853500,0,300,session,LOOK_AT,0,180,0,POSITION,-2,0,33,0
63039397842200,0,300,session,LOOK_AT,0,180,0,POSITION,-2,0,33,0
63039407837500,0,300,session,LOOK_AT,0,180,0,POSITION,-2,0,33,0
63039418831800,0,300,session,LOOK_AT,0,180,0,POSITION,-2,0,33,0
63039432806900,0,300,session,LOOK_AT,0,180,0,POSITION,-2,0,33,0
63039442801600,0,300,session,LOOK_AT,0,180,0,POSITION,-2,0,33,0
63039449797000,0,300,session,LOOK_AT,0,180,0,POSITION,-2,0,33,0
63039461790900,0,300,session,LOOK_AT,0,180,0,POSITION,-2,0,33,0
63039473783600,0,300,session,LOOK_AT,0,180,0,POSITION,-2,0,33,0
63039482778500,0,300,session,LOOK_AT,0,180,0,POSITION,-2,0,33,0
63039494771400,0,300,session,LOOK_AT,0,180,0,POSITION,-2,0,33,0
63039504766900,0,300,session,LOOK_AT,0,180,0,POSITION,-2,0,33,0
63039527752300,0,300,session,LOOK_AT,0,180,0,POSITION,-2,0,33,0
63039537747500,0,300,session,LOOK_AT,0,180,0,POSITION,-2,0,33,0
63039543744300,0,300,session,LOOK_AT,0,180,0,POSITION,-2,0,33,0
63039548740600,0,300,session,LOOK_AT,0,180,0,POSITION,-2,0,33,0
63039560734200,0,300,session,LOOK_AT,0,180,0,POSITION,-2,0,33,0
63039572727000,0,300,session,LOOK_AT,0,180,0,POSITION,-2,0,33,0
63039583720800,0,300,session,LOOK_AT,0,180,0,POSITION,-2,0,33,0
63039594714300,0,300,session,LOOK_AT,0,180,0,POSITION,-2,0,33,0
63039606708900,0,300,session,LOOK_AT,0,180,0,POSITION,-2,0,33,0
63039616701800,0,300,session,LOOK_AT,0,180,0,POSITION,-2,0,33,0
63039628430600,0,300,session,LOOK_AT,0,180,0,POSITION,-2,0,33,0
63039638425200,0,300,session,LOOK_AT,0,180,0,POSITION,-2,0,33,0
63039649419400,0,300,session,LOOK_AT,0,180,0,POSITION,-2,0,33,0
63039662412100,0,300,session,LOOK_AT,0,180,0,POSITION,-2,0,33,0
63039671407100,0,300,session,LOOK_AT,0,180,0,POSITION,-2,0,33,0
63039682399600,0,300,session,LOOK_AT,0,180,0,POSITION,-2,0,33,0
63039694393600,0,300,session,LOOK_AT,0,180,0,POSITION,-2,0,33,0
63039705386000,0,300,session,LOOK_AT,0,180,0,POSITION,-2,0,33,0
63039716380000,0,300,session,LOOK_AT,0,180,0,POSITION,-2,0,33,0
63039727877500,0,300,session,LOOK_AT,0,180,0,POSITION,-2,0,33,0
63039739870800,0,300,session,LOOK_AT,0,180,0,POSITION,-2,0,33,0
63039748865700,0,300,session,LOOK_AT,0,180,0,POSITION,-2,0,33,0
63039762858600,0,300,session,LOOK_AT,0,180,0,POSITION,-2,0,33,0
63039772852900,0,300,session,LOOK_AT,0,180,0,POSITION,-2,0,33,0
63039782846400,0,300,session,LOOK_AT,0,180,0,POSITION,-2,0,33,0
63039794839300,0,300,session,LOOK_AT,0,180,0,POSITION,-2,0,33,0
63039805832900,0,300,session,LOOK_AT,0,180,0,POSITION,-2,0,33,0
63039815827100,0,300,session,LOOK_AT,0,180,0,POSITION,-2,0,33,0
63039827749300,0,300,session,LOOK_AT,0,180,0,POSITION,-2,0,33,0
63039838742400,0,300,session,LOOK_AT,0,180,0,POSITION,-2,0,33,0
63039848736900,0,300,session,LOOK_AT,0,180,0,POSITION,-2,0,33,0
63039861731000,0,300,session,LOOK_AT,0,180,0,POSITION,-2,0,33,0
63039871724200,0,300,session,LOOK_AT,0,180,0,POSITION,-2,0,33,0
63039882718100,0,300,session,LOOK_AT,0,180,0,POSITION,-2,0,33,0
63039895710900,0,300,session,LOOK_AT,0,180,0,POSITION,-2,0,33,0
63039905703900,0,300,session,LOOK_AT,0,180,0,POSITION,-2,0,33,0
63039915700300,0,300,session,LOOK_AT,0,180,0,POSITION,-2,0,33,0
63039929690800,0,300,session,LOOK_AT,0,180,0,POSITION,-2,0,33,0
63039939685400,0,300,session,LOOK_AT,0,180,0,POSITION,-2,0,33,0
63039950678900,0,300,session,LOOK_AT,0,180,0,POSITION,-2,0,33,0
63039962672200,0,300,session,LOOK_AT,0,180,0,POSITION,-2,0,33,0
63039973665900,0,300,session,LOOK_AT,0,180,0,POSITION,-2,0,33,0
63039983660200,0,300,session,LOOK_AT,0,180,0,POSITION,-2,0,33,0
63039997652900,0,300,session,LOOK_AT,0,180,0,POSITION,-2,0,33,0
63040007646500,0,300,session,LOOK_AT,0,180,0,POSITION,-2,0,33,0
63040018639900,0,300,session,LOOK_AT,0,180,0,POSITION,-2,0,33,0
63040031349000,0,300,session,LOOK_AT,0,180,0,POSITION,-2,0,33,0
63040042341400,0,300,session,LOOK_AT,0,180,0,POSITION,-2,0,33,0
63040052335400,0,300,session,LOOK_AT,0,180,0,POSITION,-2,0,33,0
63040066329300,0,300,session,LOOK_AT,0,180,0,POSITION,-2,0,33,0
63040076322400,0,300,session,LOOK_AT,0,180,0,POSITION,-2,0,33,0
63040088315800,0,300,session,LOOK_AT,0,180,0,POSITION,-2,0,33,0
63040099308400,0,300,session,LOOK_AT,0,180,0,POSITION,-2,0,33,0
63040109302800,0,300,session,LOOK_AT,0,180,0,POSITION,-2,0,33,0
63040121374200,0,300,session,LOOK_AT,0,180,0,POSITION,-2,0,33,0
63040132985200,0,300,session,LOOK_AT,0,180,0,POSITION,-2,0,33,0
63040143981000,0,300,session,LOOK_AT,0,180,0,POSITION,-2,0,33,0
63040154973600,0,300,session,LOOK_AT,0,180,0,POSITION,-2,0,33,0
63040168965300,0,300,session,LOOK_AT,0,180,0,POSITION,-2,0,33,0
63040178959000,0,300,session,LOOK_AT,0,180,0,POSITION,-2,0,33,0
63040186954700,0,300,session,LOOK_AT,0,180,0,POSITION,-2,0,33,0
63040199947000,0,300,session,LOOK_AT,0,180,0,POSITION,-2,0,33,0
63040212939900,0,300,session,LOOK_AT,0,180,0,POSITION,-2,0,33,0
63040220934900,0,300,session,LOOK_AT,0,180,0,POSITION,-2,0,33,0
63040231928000,0,300,session,LOOK_AT,0,180,0,POSITION,-2,0,33,0
63040244921500,0,300,session,LOOK_AT,0,180,0,POSITION,-2,0,33,0
63040254915300,0,300,session,LOOK_AT,0,180,0,POSITION,-2,0,33,0
63040266909300,0,300,session,LOOK_AT,0,180,0,POSITION,-2,0,33,0
63040277902800,0,300,session,LOOK_AT,0,180,0,POSITION,-2,0,33,0
63040287897300,0,300,session,LOOK_AT,0,180,0,POSITION,-2,0,33,0
63040298889600,0,300,session,LOOK_AT,0,180,0,POSITION,-2,0,33,0
63040311882800,0,300,session,LOOK_AT,0,180,0,POSITION,-2,0,33,0
63040321877500,0,300,session,LOOK_AT,0,180,0,POSITION,-2,0,33,0
63040333002300,0,300,session,LOOK_AT,0,180,0,POSITION,-2,0,33,0
63040344995200,0,300,session,LOOK_AT,0,180,0,POSITION,-2,0,33,0
63040353989800,0,300,session,LOOK_AT,0,180,0,POSITION,-2,0,33,0
63040379975500,0,300,session,LOOK_AT,0,180,0,POSITION,-2,0,33,0
63040403961100,0,300,session,LOOK_AT,0,180,0,POSITION,-2,0,4076255,-0,008475479
63040413954800,0,300,session,LOOK_AT,0,180,0,POSITION,-2,0,4078286,-0,02646626
63040421951500,0,300,session,LOOK_AT,0,180,0,POSITION,-2,0,4079319,-0,03558986
63040428947600,0,300,session,LOOK_AT,0,180,0,POSITION,-2,0,40802,-0,04339137
63040434943700,0,300,session,LOOK_AT,0,180,0,POSITION,-2,0,4081107,-0,0514135
63040442938700,0,300,session,LOOK_AT,0,180,0,POSITION,-2,0,4081795,-0,05900667
63040450934100,0,300,session,LOOK_AT,0,180,0,POSITION,-2,0,4082907,-0,06953937
63040461928200,0,300,session,LOOK_AT,0,180,0,POSITION,-2,0,4082959,-0,08148417
63040472922100,0,300,session,LOOK_AT,0,180,0,POSITION,-2,0,4083012,-0,09788199
63040482915700,0,300,session,LOOK_AT,0,180,0,POSITION,-2,0,4083076,-0,1182405
63040493908800,0,300,session,LOOK_AT,0,180,0,POSITION,-2,0,4083139,-0,1381121
63040505904300,0,300,session,LOOK_AT,0,180,0,POSITION,-2,0,4083212,-0,1610093
63040516895900,0,300,session,LOOK_AT,0,180,0,POSITION,-2,0,4083297,-0,1878161
63040526891300,0,300,session,LOOK_AT,0,180,0,POSITION,-2,0,4083384,-0,2147005
63040539883400,0,300,session,LOOK_AT,0,180,0,POSITION,-2,0,4083465,-0,2413134
63040549877000,0,300,session,LOOK_AT,0,180,0,POSITION,-2,0,4083572,-0,2749513
63040560871000,0,300,session,LOOK_AT,0,180,0,POSITION,-2,0,408367,-0,3059107
63040572864100,0,300,session,LOOK_AT,0,180,0,POSITION,-2,0,4083775,-0,3395116
63040583858700,0,300,session,LOOK_AT,0,180,0,POSITION,-2,0,4083896,-0,3774666
63040593852300,0,300,session,LOOK_AT,0,180,0,POSITION,-2,0,4084018,-0,4161283
63040605845500,0,300,session,LOOK_AT,0,180,0,POSITION,-2,0,4084018,-0,4527826
63040616838600,0,300,session,LOOK_AT,0,180,0,POSITION,-2,0,4084018,-0,4974614
63040627478900,0,300,session,LOOK_AT,0,180,0,POSITION,-2,0,4084018,-0,5394122
63040639473100,0,300,session,LOOK_AT,0,180,0,POSITION,-2,0,4084018,-0,5855815
63040649465600,0,300,session,LOOK_AT,0,180,0,POSITION,-2,0,4084018,-0,6342713
63040661459300,0,300,session,LOOK_AT,0,180,0,POSITION,-2,0,4084018,-0,6831995
63040672452900,0,300,session,LOOK_AT,0,180,0,POSITION,-2,0,4084018,-0,733773
63040683446500,0,300,session,LOOK_AT,0,180,0,POSITION,-2,0,4084018,-0,7857819
63040694440600,0,300,session,LOOK_AT,0,180,0,POSITION,-2,0,4090356,-0,8390499
63040705434700,0,300,session,LOOK_AT,0,180,0,POSITION,-2,0,4091606,-0,8958479
63040717426900,0,300,session,LOOK_AT,0,180,0,POSITION,-2,0,4091606,-0,9495159
63040726422100,0,300,session,LOOK_AT,0,180,0,POSITION,-2,0,4091606,-1,01086
63040739416000,0,300,session,LOOK_AT,0,180,0,POSITION,-2,0,4091606,-1,060408
63040749409500,0,300,session,LOOK_AT,0,180,0,POSITION,-2,0,4091606,-1,118751
63040760403300,0,300,session,LOOK_AT,0,180,0,POSITION,-2,0,4091606,-1,17302
63040772395400,0,300,session,LOOK_AT,0,180,0,POSITION,-2,0,4091606,-1,226814
63040782390200,0,300,session,LOOK_AT,0,180,0,POSITION,-2,0,4091606,-1,282416
63040794383300,0,300,session,LOOK_AT,0,180,0,POSITION,-2,0,4091606,-1,340059
63040805376900,0,300,session,LOOK_AT,0,180,0,POSITION,-2,0,4091606,-1,396217
63040816370500,0,300,session,LOOK_AT,0,180,0,POSITION,-2,0,4091606,-1,452081
63040826364900,0,300,session,LOOK_AT,0,180,0,POSITION,-2,0,4091606,-1,507517
63040838357800,0,300,session,LOOK_AT,0,180,0,POSITION,-2,0,4091606,-1,559912
63040852350100,0,300,session,LOOK_AT,0,180,0,POSITION,-2,0,4091606,-1,615847
63040860345900,0,300,session,LOOK_AT,0,180,0,POSITION,-2,0,4091606,-1,683265
63040871338800,0,300,session,LOOK_AT,0,180,0,POSITION,-2,0,4091606,-1,720266
63040886329800,0,300,session,LOOK_AT,0,180,0,POSITION,-2,0,4091606,-1,77246
63040893326900,0,300,session,LOOK_AT,0,180,0,POSITION,-2,002916,0,4091606,-1,832232
63040904320300,0,300,session,LOOK_AT,0,180,0,POSITION,-2,005475,0,4091606,-1,864886
63040917313400,0,300,session,LOOK_AT,0,180,0,POSITION,-2,010961,0,4091606,-1,909389
63040926308600,0,300,session,LOOK_AT,0,180,0,POSITION,-2,019046,0,4091606,-1,955275
63040938301100,0,300,session,LOOK_AT,0,180,0,POSITION,-2,027552,0,4091606,-1,992974
63040950293900,0,300,session,LOOK_AT,0,180,0,POSITION,-2,03927,0,4091606,-2,033787
63040962288000,0,300,session,LOOK_AT,0,180,0,POSITION,-2,052708,0,4091606,-2,071785
63040972281000,0,300,session,LOOK_AT,0,180,0,POSITION,-2,067582,0,4091606,-2,10678
63040983275200,0,300,session,LOOK_AT,0,180,0,POSITION,-2,083714,0,4091606,-2,138936
63040994269100,0,300,session,LOOK_AT,0,180,0,POSITION,-2,102638,0,4091606,-2,170902
63041005263100,0,300,session,LOOK_AT,0,180,0,POSITION,-2,122563,0,4091606,-2,199801
63041018255600,0,300,session,LOOK_AT,0,180,0,POSITION,-2,145096,0,4091606,-2,227835
63041032247400,0,300,session,LOOK_AT,0,180,0,POSITION,-2,172484,0,4091606,-2,256647
63041045239400,0,300,session,LOOK_AT,0,180,0,POSITION,-2,204472,0,4091606,-2,284792
63041054234400,0,300,session,LOOK_AT,0,180,0,POSITION,-2,239144,0,4091606,-2,284792
63041066227500,0,300,session,LOOK_AT,0,180,0,POSITION,-2,265705,0,4091606,-2,283381
63041078220600,0,300,session,LOOK_AT,0,180,0,POSITION,-2,295615,0,4091606,-2,279639
63041089214900,0,300,session,LOOK_AT,0,180,0,POSITION,-2,323419,0,4091606,-2,273872
63041099210400,0,300,session,LOOK_AT,0,180,0,POSITION,-2,348626,0,4091606,-2,266305
63041110202000,0,300,session,LOOK_AT,0,180,0,POSITION,-2,369499,0,4091606,-2,258047
63041122195800,0,300,session,LOOK_AT,0,180,0,POSITION,-2,390724,0,4091606,-2,247033
63041132190500,0,300,session,LOOK_AT,0,180,0,POSITION,-2,411131,0,4091606,-2,233237
63041143183300,0,300,session,LOOK_AT,0,180,0,POSITION,-2,426922,0,4091606,-2,220016
63041156175900,0,300,session,LOOK_AT,0,180,0,POSITION,-2,442501,0,4091606,-2,203574
63041166170600,0,300,session,LOOK_AT,0,180,0,POSITION,-2,457485,0,4091606,-2,183095
63041178163600,0,300,session,LOOK_AT,0,180,0,POSITION,-2,468742,0,4091606,-2,163698
63041190156900,0,300,session,LOOK_AT,0,180,0,POSITION,-2,478572,0,4091606,-2,141817
63041199151400,0,300,session,LOOK_AT,0,180,0,POSITION,-2,487427,0,4091606,-2,114488
63041210145100,0,300,session,LOOK_AT,0,180,0,POSITION,-2,492678,0,4091606,-2,093013
63041223138100,0,300,session,LOOK_AT,0,180,0,POSITION,-2,497092,0,4091606,-2,065739
63041232132900,0,300,session,LOOK_AT,0,180,0,POSITION,-2,499762,0,4091606,-2,033092
63041243126100,0,300,session,LOOK_AT,0,180,0,POSITION,-2,500429,0,4091606,-2,004518
63041256119400,0,300,session,LOOK_AT,0,180,0,POSITION,-2,500429,0,4091606,-1,97255
63041265114700,0,300,session,LOOK_AT,0,180,0,POSITION,-2,500429,0,4091606,-1,932089
63041277106500,0,300,session,LOOK_AT,0,180,0,POSITION,-2,500429,0,4091606,-1,900919
63041289099800,0,300,session,LOOK_AT,0,180,0,POSITION,-2,500429,0,4091606,-1,859733
63041299094800,0,300,session,LOOK_AT,0,180,0,POSITION,-2,500429,0,4091606,-1,816691
63041310088100,0,300,session,LOOK_AT,0,180,0,POSITION,-2,500429,0,4091606,-1,777346
63041323080600,0,300,session,LOOK_AT,0,180,0,POSITION,-2,500429,0,4091606,-1,734546
63041333076000,0,300,session,LOOK_AT,0,180,0,POSITION,-2,500429,0,4091606,-1,68277
63041344068600,0,300,session,LOOK_AT,0,180,0,POSITION,-2,500429,0,4091606,-1,637942
63041356062000,0,300,session,LOOK_AT,0,180,0,POSITION,-2,500429,0,4091606,-1,589658
63041365057500,0,300,session,LOOK_AT,0,180,0,POSITION,-2,500429,0,4091606,-1,532366
63041377050300,0,300,session,LOOK_AT,0,180,0,POSITION,-2,500429,0,4091606,-1,485179
63041388043800,0,300,session,LOOK_AT,0,180,0,POSITION,-2,500429,0,4091606,-1,429321
63041399038300,0,300,session,LOOK_AT,0,180,0,POSITION,-2,500429,0,4091606,-1,370916
63041410031200,0,300,session,LOOK_AT,0,180,0,POSITION,-2,500429,0,4091606,-1,318419
63041421025000,0,300,session,LOOK_AT,0,180,0,POSITION,-2,500429,0,4091606,-1,263151
63041434017400,0,300,session,LOOK_AT,0,180,0,POSITION,-2,500429,0,4091606,-1,207588
63041444011300,0,300,session,LOOK_AT,0,180,0,POSITION,-2,500429,0,4091606,-1,145499
63041455005500,0,300,session,LOOK_AT,0,180,0,POSITION,-2,500429,0,4091606,-1,094844
63041466999400,0,300,session,LOOK_AT,0,180,0,POSITION,-2,500429,0,4091606,-1,039753
63041475993400,0,300,session,LOOK_AT,0,180,0,POSITION,-2,500429,0,4091606,-0,9812834
63041487986600,0,300,session,LOOK_AT,0,180,0,POSITION,-2,500429,0,4091606,-0,9312714
63041499979900,0,300,session,LOOK_AT,0,180,0,POSITION,-2,500429,0,4091606,-0,8725129
63041509973900,0,300,session,LOOK_AT,0,180,0,POSITION,-2,500429,0,4091606,-0,8116783
63041520967400,0,300,session,LOOK_AT,0,180,0,POSITION,-2,500429,0,4091606,-0,7641134
63041533960500,0,300,session,LOOK_AT,0,180,0,POSITION,-2,500429,0,4091606,-0,7082139
63041543954200,0,300,session,LOOK_AT,0,180,0,POSITION,-2,500429,0,4091606,-0,6471839
63041554948200,0,300,session,LOOK_AT,0,180,0,POSITION,-2,500429,0,4091606,-0,5968859
63041567941400,0,300,session,LOOK_AT,0,180,0,POSITION,-2,500429,0,4091606,-0,5406174
63041579935000,0,300,session,LOOK_AT,0,180,0,POSITION,-2,500429,0,4091606,-0,4721304
63041588928800,0,300,session,LOOK_AT,0,180,0,POSITION,-2,498579,0,4091606,-0,4165929
63041599922500,0,300,session,LOOK_AT,0,180,0,POSITION,-2,495645,0,4091606,-0,3691279
63041610917100,0,300,session,LOOK_AT,0,180,0,POSITION,-2,490327,0,4091606,-0,3133189
63041620911600,0,300,session,LOOK_AT,0,180,0,POSITION,-2,483528,0,4091606,-0,2599159
63041633907000,0,300,session,LOOK_AT,0,180,0,POSITION,-2,47537,0,4091606,-0,2083709
63041644900900,0,300,session,LOOK_AT,0,180,0,POSITION,-2,463105,0,4091606,-0,1457414
63041655893500,0,300,session,LOOK_AT,0,180,0,POSITION,-2,449633,0,4091606,-0,08942632
63041666887700,0,300,session,LOOK_AT,0,180,0,POSITION,-2,436244,0,4091606,-0,0416019
63041677881600,0,300,session,LOOK_AT,0,180,0,POSITION,-2,419355,0,4091606,0,009783134
63041688874700,0,300,session,LOOK_AT,0,180,0,POSITION,-2,402162,0,4091606,0,05539986
63041700867500,0,300,session,LOOK_AT,0,180,0,POSITION,-2,38284,0,4091606,0,1003379
63041709862900,0,300,session,LOOK_AT,0,180,0,POSITION,-2,358771,0,4091606,0,1489454
63041721856700,0,300,session,LOOK_AT,0,180,0,POSITION,-2,337636,0,4091606,0,1871639
63041733853000,0,300,session,LOOK_AT,0,180,0,POSITION,-2,311077,0,4091606,0,2295842
63041744845700,0,300,session,LOOK_AT,0,180,0,POSITION,-2,281599,0,4091606,0,2711645
63041754840200,0,300,session,LOOK_AT,0,180,0,POSITION,-2,253629,0,4091606,0,3065564
63041769832200,0,300,session,LOOK_AT,0,180,0,POSITION,-2,224909,0,4091606,0,3393068
63041779826600,0,300,session,LOOK_AT,0,180,0,POSITION,-2,17918,0,4091606,0,3840948
63041787821900,0,300,session,LOOK_AT,0,180,0,POSITION,-2,148541,0,4091606,0,4113223
63041799814600,0,300,session,LOOK_AT,0,180,0,POSITION,-2,122325,0,4091606,0,432816
63041810808200,0,300,session,LOOK_AT,0,180,0,POSITION,-2,079237,0,4091606,0,4639373
63041820802500,0,300,session,LOOK_AT,0,180,0,POSITION,-2,038613,0,4091606,0,4900588
63041831800200,0,300,session,LOOK_AT,0,180,0,POSITION,-2,002283,0,4091606,0,5111469
63041844792800,0,300,session,LOOK_AT,0,180,0,POSITION,-1,956338,0,4091606,0,5346206
63041854786800,0,300,session,LOOK_AT,0,180,0,POSITION,-1,904339,0,4091606,0,5576217
63041864780900,0,300,session,LOOK_AT,0,180,0,POSITION,-1,863272,0,4091606,0,5738037
63041877774300,0,300,session,LOOK_AT,0,180,0,POSITION,-1,814027,0,4091606,0,5906529
63041887767700,0,300,session,LOOK_AT,0,180,0,POSITION,-1,760422,0,4091606,0,6062936
63041898761900,0,300,session,LOOK_AT,0,180,0,POSITION,-1,70983,0,4091606,0,6188909
63041909755200,0,300,session,LOOK_AT,0,180,0,POSITION,-1,65457,0,4091606,0,6303201
63041920748800,0,300,session,LOOK_AT,0,180,0,POSITION,-1,598635,0,4091606,0,6399062
63041931742900,0,300,session,LOOK_AT,0,180,0,POSITION,-1,543638,0,4091606,0,6475168
63041943736700,0,300,session,LOOK_AT,0,180,0,POSITION,-1,486638,0,4091606,0,6534553
63041954729300,0,300,session,LOOK_AT,0,180,0,POSITION,-1,430001,0,4091606,0,6574311
63041965723500,0,300,session,LOOK_AT,0,180,0,POSITION,-1,374233,0,4091606,0,6594841
63041976718200,0,300,session,LOOK_AT,0,180,0,POSITION,-1,323658,0,4091606,0,6596472
63041986711800,0,300,session,LOOK_AT,0,180,0,POSITION,-1,275699,0,4091606,0,6596472
63041999703600,0,300,session,LOOK_AT,0,180,0,POSITION,-1,23112,0,4091606,0,6596472
63042010697500,0,300,session,LOOK_AT,0,180,0,POSITION,-1,178705,0,4091606,0,6596472
63042020691900,0,300,session,LOOK_AT,0,180,0,POSITION,-1,13274,0,4091606,0,6596472
63042032298400,0,300,session,LOOK_AT,0,180,0,POSITION,-1,095734,0,4091606,0,6596472
63042044292200,0,300,session,LOOK_AT,0,180,0,POSITION,-1,051695,0,4091606,0,6596472
63042054285700,0,300,session,LOOK_AT,0,180,0,POSITION,-1,011271,0,4091606,0,6596472
63042065278900,0,300,session,LOOK_AT,0,180,0,POSITION,-0,9799999,0,4091606,0,6596472
63042078271800,0,300,session,LOOK_AT,0,180,0,POSITION,-0,9425337,0,4091606,0,6596472
63042087267700,0,300,session,LOOK_AT,0,180,0,POSITION,-0,9048046,0,4091606,0,6596472
63042099259900,0,300,session,LOOK_AT,0,180,0,POSITION,-0,8783901,0,4091606,0,6596472
63042110255800,0,300,session,LOOK_AT,0,180,0,POSITION,-0,8481872,0,4091606,0,6596472
63042121250200,0,300,session,LOOK_AT,0,180,0,POSITION,-0,8175542,0,4091606,0,6596472
63042133240200,0,300,session,LOOK_AT,0,180,0,POSITION,-0,7926909,0,4091606,0,6596472
63042144234600,0,300,session,LOOK_AT,0,180,0,POSITION,-0,7679698,0,4091606,0,6596472
63042154229600,0,300,session,LOOK_AT,0,180,0,POSITION,-0,7445939,0,4091606,0,6596472
63042165222500,0,300,session,LOOK_AT,0,180,0,POSITION,-0,7265019,0,4091606,0,6596472
63042179214300,0,300,session,LOOK_AT,0,180,0,POSITION,-0,7083919,0,4091606,0,6596472
63042188210300,0,300,session,LOOK_AT,0,180,0,POSITION,-0,689132,0,4091606,0,6596472
63042200201700,0,300,session,LOOK_AT,0,180,0,POSITION,-0,6757295,0,4091606,0,6596472
63042212194900,0,300,session,LOOK_AT,0,180,0,POSITION,-0,6628184,0,4091606,0,6596472
63042221190700,0,300,session,LOOK_AT,0,180,0,POSITION,-0,6512165,0,4091606,0,6596472
63042233183200,0,300,session,LOOK_AT,0,180,0,POSITION,-0,6427774,0,4091606,0,6596472
63042245176500,0,300,session,LOOK_AT,0,180,0,POSITION,-0,6356264,0,4091606,0,6596472
63042255170300,0,300,session,LOOK_AT,0,180,0,POSITION,-0,6296355,0,4091606,0,6596472
63042269162300,0,300,session,LOOK_AT,0,180,0,POSITION,-0,6264753,0,4091606,0,6596472
63042278158100,0,300,session,LOOK_AT,0,180,0,POSITION,-0,6187197,0,4091606,0,6596472
63042288152400,0,300,session,LOOK_AT,0,180,0,POSITION,-0,6127973,0,4091606,0,6596472
63042300144700,0,300,session,LOOK_AT,0,180,0,POSITION,-0,6044095,0,4091606,0,6596472
63042310139000,0,300,session,LOOK_AT,0,180,0,POSITION,-0,5932834,0,4091606,0,6596472
63042322132100,0,300,session,LOOK_AT,0,180,0,POSITION,-0,5814605,0,4091606,0,6596472
63042333126900,0,300,session,LOOK_AT,0,180,0,POSITION,-0,5649056,0,4091606,0,6596472
63042343120600,0,300,session,LOOK_AT,0,180,0,POSITION,-0,5489974,0,4091606,0,6596472
63042355114300,0,300,session,LOOK_AT,0,180,0,POSITION,-0,5319757,0,4091606,0,6596472
63042366107700,0,300,session,LOOK_AT,0,180,0,POSITION,-0,5096538,0,4091606,0,6596472
63042376102000,0,300,session,LOOK_AT,0,180,0,POSITION,-0,4875886,0,4091606,0,6596472
63042388094900,0,300,session,LOOK_AT,0,180,0,POSITION,-0,4661287,0,4091606,0,6596472
63042401087300,0,300,session,LOOK_AT,0,180,0,POSITION,-0,4376035,0,4091606,0,6596472
63042411081500,0,300,session,LOOK_AT,0,180,0,POSITION,-0,4101312,0,4091606,0,6596472
63042422075100,0,300,session,LOOK_AT,0,180,0,POSITION,-0,3908781,0,4091606,0,6596472
63042433069600,0,300,session,LOOK_AT,0,180,0,POSITION,-0,3710456,0,4091606,0,6596472
63042443062700,0,300,session,LOOK_AT,0,180,0,POSITION,-0,3525872,0,4091606,0,6596472
63042456055400,0,300,session,LOOK_AT,0,180,0,POSITION,-0,3367324,0,4091606,0,6596472
63042466051000,0,300,session,LOOK_AT,0,180,0,POSITION,-0,3205435,0,4091606,0,6596472
63042478042700,0,300,session,LOOK_AT,0,180,0,POSITION,-0,3079604,0,4091606,0,6596472
63042489036300,0,300,session,LOOK_AT,0,180,0,POSITION,-0,2967733,0,4091606,0,6596472
63042501030100,0,300,session,LOOK_AT,0,180,0,POSITION,-0,2877994,0,4091606,0,6596472
63042509025500,0,300,session,LOOK_AT,0,180,0,POSITION,-0,2799605,0,4091606,0,6596472
63042522018000,0,300,session,LOOK_AT,0,180,0,POSITION,-0,2753366,0,4091606,0,6596472
63042532012300,0,300,session,LOOK_AT,0,180,0,POSITION,-0,2712748,0,4091606,0,6596472
63042543006000,0,300,session,LOOK_AT,0,180,0,POSITION,-0,269502,0,4091606,0,6596472
63042553999400,0,300,session,LOOK_AT,0,180,0,POSITION,-0,269502,0,4091606,0,6596472
63042564993700,0,300,session,LOOK_AT,0,180,0,POSITION,-0,269502,0,4091606,0,6596472
63042575986600,0,300,session,LOOK_AT,0,180,0,POSITION,-0,269502,0,4091606,0,6596472
63042589979200,0,300,session,LOOK_AT,0,180,0,POSITION,-0,269502,0,4091606,0,6596472
63042599974200,0,300,session,LOOK_AT,0,180,0,POSITION,-0,269502,0,4091606,0,6596472
63042609967700,0,300,session,LOOK_AT,0,180,0,POSITION,-0,269502,0,4091606,0,6596472
63042621960900,0,300,session,LOOK_AT,0,180,0,POSITION,-0,269502,0,4091606,0,6596472
63042631955600,0,300,session,LOOK_AT,0,180,0,POSITION,-0,269502,0,4091606,0,6596472
63042641949500,0,300,session,LOOK_AT,0,180,0,POSITION,-0,269502,0,4091606,0,6596472
63042654942400,0,300,session,LOOK_AT,0,180,0,POSITION,-0,269502,0,4091606,0,6596472
63042664936500,0,300,session,LOOK_AT,0,180,0,POSITION,-0,269502,0,4091606,0,6596472
63042674930700,0,300,session,LOOK_AT,0,180,0,POSITION,-0,269502,0,4091606,0,6596472
63042687923500,0,300,session,LOOK_AT,0,180,0,POSITION,-0,269502,0,4091606,0,6596472
63042698916600,0,300,session,LOOK_AT,0,180,0,POSITION,-0,269502,0,4091606,0,6596472
63042709910000,0,300,session,LOOK_AT,0,180,0,POSITION,-0,269502,0,4091606,0,6596472
63042719904600,0,300,session,LOOK_AT,0,180,0,POSITION,-0,269502,0,4091606,0,6596472
63042731898000,0,300,session,LOOK_AT,0,180,0,POSITION,-0,269502,0,4091606,0,6596472
63042741891900,0,300,session,LOOK_AT,0,180,0,POSITION,-0,269502,0,4091606,0,6596472
63042753885900,0,300,session,LOOK_AT,0,180,0,POSITION,-0,269502,0,4091606,0,6596472
63042765878500,0,300,session,LOOK_AT,0,180,0,POSITION,-0,269502,0,4091606,0,6596472
63042775873400,0,300,session,LOOK_AT,0,180,0,POSITION,-0,269502,0,4091606,0,6596472
63042786866400,0,300,session,LOOK_AT,0,180,0,POSITION,-0,269502,0,4091606,0,6596472
63042798860100,0,300,session,LOOK_AT,0,180,0,POSITION,-0,269502,0,4091606,0,6596472
63042820353300,0,300,session,LOOK_AT,0,180,0,POSITION,-0,269502,0,4091606,0,6596472
63042836344000,0,300,session,LOOK_AT,0,180,0,POSITION,-0,269502,0,4091606,0,6596472
63042844339800,0,300,session,LOOK_AT,0,180,0,POSITION,-0,269502,0,4091606,0,6596472
63042853336200,0,300,session,LOOK_AT,0,180,0,POSITION,-0,269502,0,4091606,0,6596472
63042863329800,0,300,session,LOOK_AT,0,180,0,POSITION,-0,269502,0,4091606,0,6596472
63042873323300,0,300,session,LOOK_AT,0,180,0,POSITION,-0,269502,0,4091606,0,6596472
63042881318900,0,300,session,LOOK_AT,0,180,0,POSITION,-0,269502,0,4091606,0,6596472
63042892313000,0,300,session,LOOK_AT,0,180,0,POSITION,-0,269502,0,4091606,0,6596472
63042906303900,0,300,session,LOOK_AT,0,180,0,POSITION,-0,269502,0,4091606,0,6596472
63042913300900,0,300,session,LOOK_AT,0,180,0,POSITION,-0,269502,0,4091606,0,6596472
63042927292200,0,300,session,LOOK_AT,0,180,0,POSITION,-0,269502,0,4091606,0,6596472
63042948280300,0,300,session,LOOK_AT,0,180,0,POSITION,-0,269502,0,4091606,0,6596472
63042971267300,0,300,session,LOOK_AT,0,180,0,POSITION,-0,269502,0,4091606,0,6596472
63042994255300,0,300,session,LOOK_AT,0,180,0,POSITION,-0,269502,0,4091606,0,6596472
63043015241900,0,300,session,LOOK_AT,0,180,0,POSITION,-0,269502,0,4091606,0,6596472
63043037230000,0,300,session,LOOK_AT,0,180,0,POSITION,-0,269502,0,4091606,0,6596472
63043060217700,0,300,session,LOOK_AT,0,180,0,POSITION,-0,269502,0,4091606,0,6596472
63043081204400,0,300,session,LOOK_AT,0,180,0,POSITION,-0,269502,0,4091606,0,6596472
63043104191000,0,300,session,LOOK_AT,0,180,0,POSITION,-0,269502,0,4091606,0,6596472
63043126179200,0,300,session,LOOK_AT,0,180,0,POSITION,-0,269502,0,4091606,0,6596472
63043148165900,0,300,session,LOOK_AT,0,180,0,POSITION,-0,269502,0,4091606,0,6596472
63043171153000,0,300,session,LOOK_AT,0,180,0,POSITION,-0,269502,0,4091606,0,6596472
63043193140100,0,300,session,LOOK_AT,0,180,0,POSITION,-0,269502,0,4091606,0,6596472
63043215128500,0,300,session,LOOK_AT,0,180,0,POSITION,-0,269502,0,4091606,0,6596472
63043237115200,0,300,session,LOOK_AT,0,180,0,POSITION,-0,269502,0,4091606,0,6596472
63043259102900,0,300,session,LOOK_AT,0,180,0,POSITION,-0,269502,0,4091606,0,6596472
63043282108200,0,300,session,LOOK_AT,0,180,0,POSITION,-0,269502,0,4091606,0,6596472
63043305076400,0,300,session,LOOK_AT,0,180,0,POSITION,-0,269502,0,4091606,0,6596472
63043326065300,0,300,session,LOOK_AT,0,180,0,POSITION,-0,269502,0,4091606,0,6596472
63043349053200,0,300,session,LOOK_AT,0,180,0,POSITION,-0,269502,0,4091606,0,6596472
63043372040300,0,300,session,LOOK_AT,0,180,0,POSITION,-0,269502,0,4091606,0,6596472
63043393026400,0,300,session,LOOK_AT,0,180,0,POSITION,-0,269502,0,4091606,0,6596472
63043415013600,0,300,session,LOOK_AT,0,180,0,POSITION,-0,269502,0,4091606,0,6596472
63043426007500,0,300,session,LOOK_AT,0,180,0,POSITION,-0,269502,0,4091606,0,6596472
63043437000600,0,300,session,LOOK_AT,0,180,0,POSITION,-0,269502,0,4091606,0,6596472
63043450993000,0,300,session,LOOK_AT,0,180,0,POSITION,-0,269502,0,4091606,0,6596472
63043459988600,0,300,session,LOOK_AT,0,180,0,POSITION,-0,269502,0,4091606,0,6596472
63043470982900,0,300,session,LOOK_AT,0,180,0,POSITION,-0,269502,0,4091606,0,6596472
63043483983500,0,300,session,LOOK_AT,0,180,0,POSITION,-0,269502,0,4091606,0,6596472
63043492969900,0,300,session,LOOK_AT,0,180,0,POSITION,-0,269502,0,4091606,0,6596472
63043503963500,0,300,session,LOOK_AT,0,180,0,POSITION,-0,269502,0,4091606,0,6596472
63043515956600,0,300,session,LOOK_AT,0,180,0,POSITION,-0,269502,0,4091606,0,6596472
63043525949900,0,300,session,LOOK_AT,0,180,0,POSITION,-0,269502,0,4091606,0,6596472
63043537943100,0,300,session,LOOK_AT,0,180,0,POSITION,-0,269502,0,4091606,0,6596472
63043548937600,0,300,session,LOOK_AT,0,180,0,POSITION,-0,269502,0,4091606,0,6596472
63043558931300,0,300,session,LOOK_AT,0,180,0,POSITION,-0,269502,0,4091606,0,6596472
63043569925100,0,300,session,LOOK_AT,0,180,0,POSITION,-0,269502,0,4091606,0,6596472
63043581919100,0,300,session,LOOK_AT,0,180,0,POSITION,-0,269502,0,4091606,0,6596472
63043592911600,0,300,session,LOOK_AT,0,180,0,POSITION,-0,269502,0,4091606,0,6596472
63043605904900,0,300,session,LOOK_AT,0,180,0,POSITION,-0,269502,0,4091606,0,6596472
63043618896800,0,300,session,LOOK_AT,0,180,0,POSITION,-0,269502,0,4091606,0,6596472
63043629813300,0,300,session,LOOK_AT,0,180,0,POSITION,-0,269502,0,4091606,0,6596472
63043638808700,0,300,session,LOOK_AT,0,180,0,POSITION,-0,269502,0,4091606,0,6596472
63043653799500,0,300,session,LOOK_AT,0,180,0,POSITION,-0,269502,0,4091606,0,6596472
63043666792100,0,300,session,LOOK_AT,0,180,0,POSITION,-0,269502,0,4091606,0,6596472
63043678786400,0,300,session,LOOK_AT,0,180,0,POSITION,-0,269502,0,4091606,0,6596472
63043690778800,0,300,session,LOOK_AT,0,180,0,POSITION,-0,269502,0,4091606,0,6596472
63043701772400,0,300,session,LOOK_AT,0,180,0,POSITION,-0,269502,0,4091606,0,6596472
63043715764700,0,300,session,LOOK_AT,0,180,0,POSITION,-0,269502,0,4091606,0,6596472
63043724758900,0,300,session,LOOK_AT,0,180,0,POSITION,-0,269502,0,4091606,0,6596472
63043737038800,0,300,session,LOOK_AT,0,180,0,POSITION,-0,269502,0,4091606,0,6596472
63043749032600,0,300,session,LOOK_AT,0,180,0,POSITION,-0,269502,0,4091606,0,6596472
63043760026900,0,300,session,LOOK_AT,0,180,0,POSITION,-0,269502,0,4091606,0,6596472
63043770020200,0,300,session,LOOK_AT,0,180,0,POSITION,-0,269502,0,4091606,0,6596472
63043785011300,0,300,session,LOOK_AT,0,180,0,POSITION,-0,269502,0,4091606,0,6596472
63043800002400,0,300,session,LOOK_AT,0,180,0,POSITION,-0,269502,0,4091606,0,6596472
63043808997900,0,300,session,LOOK_AT,0,180,0,POSITION,-0,269502,0,4091606,0,6596472
63043822989900,0,300,session,LOOK_AT,0,180,0,POSITION,-0,269502,0,4091606,0,6596472
63043834521200,0,300,session,LOOK_AT,0,180,0,POSITION,-0,269502,0,4091606,0,6596472
63043842516700,0,300,session,LOOK_AT,0,180,0,POSITION,-0,269502,0,4091606,0,6596472
63043856508400,0,300,session,LOOK_AT,0,180,0,POSITION,-0,269502,0,4091606,0,6596472
63043868501900,0,300,session,LOOK_AT,0,180,0,POSITION,-0,269502,0,4091606,0,6596472
63043880495200,0,300,session,LOOK_AT,0,180,0,POSITION,-0,269502,0,4091606,0,6596472
63043892488400,0,300,session,LOOK_AT,0,180,0,POSITION,-0,269502,0,4091606,0,6596472
63043905481100,0,300,session,LOOK_AT,0,180,0,POSITION,-0,269502,0,4091606,0,6596472
63043919472600,0,300,session,LOOK_AT,0,180,0,POSITION,-0,269502,0,4091606,0,6596472
63043932465100,0,300,session,LOOK_AT,0,180,0,POSITION,-0,269502,0,4091606,0,6596472
63043951454500,0,300,session,LOOK_AT,0,180,0,POSITION,-0,269502,0,4091606,0,6596472
63043972442800,0,300,session,LOOK_AT,0,180,0,POSITION,-0,269502,0,4091606,0,6596472
63043993430400,0,300,session,LOOK_AT,0,180,0,POSITION,-0,269502,0,4091606,0,6596472
63044016418900,0,300,session,LOOK_AT,0,180,0,POSITION,-0,269502,0,4091606,0,6596472
63044037405100,0,300,session,LOOK_AT,0,180,0,POSITION,-0,269502,0,4091606,0,6596472
63044059478000,0,300,session,LOOK_AT,0,180,0,POSITION,-0,269502,0,4091606,0,6596472
63044081465800,0,300,session,LOOK_AT,0,180,0,POSITION,-0,269502,0,4091606,0,6596472
63044103454700,0,300,session,LOOK_AT,0,180,0,POSITION,-0,269502,0,4091606,0,6596472
63044126442100,0,300,session,LOOK_AT,0,180,0,POSITION,-0,269502,0,4091606,0,6596472
63044148447300,0,300,session,LOOK_AT,0,180,0,POSITION,-0,269502,0,4091606,0,6596472
63044171414000,0,300,session,LOOK_AT,0,180,0,POSITION,-0,269502,0,4091606,0,6596472
63044194403400,0,300,session,LOOK_AT,0,180,0,POSITION,-0,269502,0,4091606,0,6596472
63044214408600,0,300,session,LOOK_AT,0,180,0,POSITION,-0,269502,0,4091606,0,6596472
63044238395100,0,300,session,LOOK_AT,0,180,0,POSITION,-0,269502,0,4091606,0,6596472
63044259364700,0,300,session,LOOK_AT,0,180,0,POSITION,-0,269502,0,4091606,0,6596472
63044281351600,0,300,session,LOOK_AT,0,180,0,POSITION,-0,269502,0,4091606,0,6596472
63044303351000,0,300,session,LOOK_AT,0,180,0,POSITION,-0,269502,0,4091606,0,6596472
63044327326400,0,300,session,LOOK_AT,0,180,0,POSITION,-0,269502,0,4091606,0,6596472
63044348313500,0,300,session,LOOK_AT,0,180,0,POSITION,-0,269502,0,4091606,0,6596472
63044370300600,0,300,session,LOOK_AT,0,180,0,POSITION,-0,269502,0,4091606,0,6596472
63044393287200,0,300,session,LOOK_AT,0,180,0,POSITION,-0,269502,0,4091606,0,6596472
63044403281700,0,300,session,LOOK_AT,0,180,0,POSITION,-0,269502,0,4091606,0,6596472
63044414275900,0,300,session,LOOK_AT,0,180,0,POSITION,-0,269502,0,4091606,0,6596472
63044426268600,0,300,session,LOOK_AT,0,180,0,POSITION,-0,269502,0,4091606,0,6596472
63044437262700,0,300,session,LOOK_AT,0,180,0,POSITION,-0,269502,0,4091606,0,6596472
63044448256200,0,300,session,LOOK_AT,0,180,0,POSITION,-0,269502,0,4091606,0,6596472
63044459249800,0,300,session,LOOK_AT,0,180,0,POSITION,-0,269502,0,4091606,0,6596472
63044470244100,0,300,session,LOOK_AT,0,180,0,POSITION,-0,269502,0,4091606,0,6596472
63044481237200,0,300,session,LOOK_AT,0,180,0,POSITION,-0,269502,0,4091606,0,6596472
63044492231200,0,300,session,LOOK_AT,0,180,0,POSITION,-0,269502,0,4091606,0,6596472
63044506223000,0,300,session,LOOK_AT,0,180,0,POSITION,-0,269502,0,4091606,0,6596472
63044514219300,0,300,session,LOOK_AT,0,180,0,POSITION,-0,269502,0,4091606,0,6596472
63044525212700,0,300,session,LOOK_AT,0,180,0,POSITION,-0,269502,0,4091606,0,6596472
63044537206200,0,300,session,LOOK_AT,0,180,0,POSITION,-0,269502,0,4091606,0,6596472
63044547200400,0,300,session,LOOK_AT,0,180,0,POSITION,-0,269502,0,4091606,0,6596472
63044558192900,0,300,session,LOOK_AT,0,180,0,POSITION,-0,269502,0,4091606,0,6596472
63044570186200,0,300,session,LOOK_AT,0,180,0,POSITION,-0,269502,0,4091606,0,6596472
63044581179800,0,300,session,LOOK_AT,0,180,0,POSITION,-0,269502,0,4091606,0,6596472
63044592174000,0,300,session,LOOK_AT,0,180,0,POSITION,-0,269502,0,4091606,0,6596472
63044604167100,0,300,session,LOOK_AT,0,180,0,POSITION,-0,269502,0,4091606,0,6596472
63044615161000,0,300,session,LOOK_AT,0,180,0,POSITION,-0,269502,0,4091606,0,6596472
63044625155200,0,300,session,LOOK_AT,0,180,0,POSITION,-0,269502,0,4091606,0,6596472
63044637148700,0,300,session,LOOK_AT,0,180,0,POSITION,-0,269502,0,4091606,0,6596472
63044647142900,0,300,session,LOOK_AT,0,180,0,POSITION,-0,269502,0,4091606,0,6596472
63044658137100,0,300,session,LOOK_AT,0,180,0,POSITION,-0,269502,0,4091606,0,6596472
63044670130100,0,300,session,LOOK_AT,0,180,0,POSITION,-0,269502,0,4091606,0,6596472
63044681122900,0,300,session,LOOK_AT,0,180,0,POSITION,-0,269502,0,4091606,0,6596472
63044692116300,0,300,session,LOOK_AT,0,180,0,POSITION,-0,269502,0,4091606,0,6596472
63044704110500,0,300,session,LOOK_AT,0,180,0,POSITION,-0,269502,0,4091606,0,6596472
63044714103900,0,300,session,LOOK_AT,0,180,0,POSITION,-0,269502,0,4091606,0,6596472
63044725097700,0,300,session,LOOK_AT,0,180,0,POSITION,-0,269502,0,4091606,0,6596472
63044741088600,0,300,session,LOOK_AT,0,180,0,POSITION,-0,269502,0,4091606,0,6596472
63044750083700,0,300,session,LOOK_AT,0,180,0,POSITION,-0,269502,0,4091606,0,6596472
63044760078700,0,300,session,LOOK_AT,0,180,0,POSITION,-0,269502,0,4091606,0,6596472
63044774070400,0,300,session,LOOK_AT,0,180,0,POSITION,-0,269502,0,4091606,0,6596472
63044784065200,0,300,session,LOOK_AT,0,180,0,POSITION,-0,269502,0,4091606,0,6596472
63044796057900,0,300,session,LOOK_AT,0,180,0,POSITION,-0,269502,0,4091606,0,6596472
63044807051900,0,300,session,LOOK_AT,0,180,0,POSITION,-0,269502,0,4091606,0,6596472
63044818044900,0,300,session,LOOK_AT,0,180,0,POSITION,-0,269502,0,4091606,0,6596472
63044831037600,0,300,session,LOOK_AT,0,180,0,POSITION,-0,269502,0,4091606,0,6596472
